675.0 5.0 135.0
675.0 5.0 135.0
675.0 5.0 135.0
675.0 5.0 135.0
675.0 5.0 135.0
675.0 5.0 135.0
675.0 5.0 135.0
675.0 5.0 135.0
675.0 5.0 135.0
675.0 5.0 135.0
675.0 5.0 135.0
675.0 5.0 135.0
675.0 5.0 135.0
675.0 5.0 135.0
675.0 5.0 135.0
675.0 5.0 135.0
675.0 5.0 135.0
675.0 5.0 135.0
675.0 5.0 135.0
675.0 5.0 135.0
675.0 5.0 135.0
675.0 5.0 135.0
675.0 5.0 135.0
675.0 5.0 135.0
675.0 5.0 135.0
675.0 5.0 135.0
675.0 5.0 135.0
675.0 5.0 135.0
675.0 5.0 135.0
675.0 5.0 135.0
675.0 5.0 135.0
675.0 5.0 135.0
675.0 5.0 135.0
675.0 5.0 135.0
675.0 5.0 135.0
675.0 5.0 135.0
675.0 5.0 135.0
675.0 5.0 135.0
675.0 5.0 135.0
675.0 5.0 135.0
675.0 5.0 135.0
810.0 6.0 135.0
810.0 6.0 135.0
810.0 6.0 135.0
810.0 6.0 135.0
810.0 6.0 135.0
810.0 6.0 135.0
810.0 6.0 135.0
810.0 6.0 135.0
810.0 6.0 135.0
810.0 6.0 135.0
810.0 6.0 135.0
810.0 6.0 135.0
810.0 6.0 135.0
810.0 6.0 135.0
810.0 6.0 135.0
810.0 6.0 135.0
810.0 6.0 135.0
810.0 6.0 135.0
810.0 6.0 135.0
810.0 6.0 135.0
810.0 6.0 135.0
810.0 6.0 135.0
810.0 6.0 135.0
810.0 6.0 135.0
810.0 6.0 135.0
810.0 6.0 135.0
810.0 6.0 135.0
810.0 6.0 135.0
810.0 6.0 135.0
810.0 6.0 135.0
810.0 6.0 135.0
810.0 6.0 135.0
810.0 6.0 135.0
810.0 6.0 135.0
810.0 6.0 135.0
810.0 6.0 135.0
810.0 6.0 135.0
810.0 6.0 135.0
810.0 6.0 135.0
810.0 6.0 135.0
810.0 6.0 135.0
