128.25 1.0 128.25
128.25 1.0 128.25
125.55 1.0 125.55
124.2 1.0 124.2
128.25 1.0 128.25
129.6 1.0 129.6
125.55 1.0 125.55
121.5 1.0 121.5
128.25 1.0 128.25
129.6 1.0 129.6
125.55 1.0 125.55
122.85 1.0 122.85
126.9 1.0 126.9
124.2 1.0 124.2
126.9 1.0 126.9
128.25 1.0 128.25
120.15 1.0 120.15
125.55 1.0 125.55
124.2 1.0 124.2
124.2 1.0 124.2
126.9 1.0 126.9
124.2 1.0 124.2
130.95 1.0 130.95
129.6 1.0 129.6
124.2 1.0 124.2
126.9 1.0 126.9
129.6 1.0 129.6
132.3 1.0 132.3
128.25 1.0 128.25
122.85 1.0 122.85
126.9 1.0 126.9
126.9 1.0 126.9
130.95 1.0 130.95
122.85 1.0 122.85
130.95 1.0 130.95
128.25 1.0 128.25
128.25 1.0 128.25
126.9 1.0 126.9
125.55 1.0 125.55
126.9 1.0 126.9
126.9 1.0 126.9
249.75 2.0 124.875
251.1 2.0 125.55
241.65 2.0 120.825
255.15 2.0 127.575
255.15 2.0 127.575
252.45 2.0 126.225
253.8 2.0 126.9
249.75 2.0 124.875
256.5 2.0 128.25
252.45 2.0 126.225
240.3 2.0 120.15
259.2 2.0 129.6
249.75 2.0 124.875
256.5 2.0 128.25
255.15 2.0 127.575
252.45 2.0 126.225
247.05 2.0 123.525
255.15 2.0 127.575
261.9 2.0 130.95
259.2 2.0 129.6
259.2 2.0 129.6
251.1 2.0 125.55
252.45 2.0 126.225
253.8 2.0 126.9
257.85 2.0 128.925
252.45 2.0 126.225
257.85 2.0 128.925
255.15 2.0 127.575
249.75 2.0 124.875
252.45 2.0 126.225
255.15 2.0 127.575
257.85 2.0 128.925
255.15 2.0 127.575
252.45 2.0 126.225
247.05 2.0 123.525
256.5 2.0 128.25
256.5 2.0 128.25
255.15 2.0 127.575
253.8 2.0 126.9
251.1 2.0 125.55
249.75 2.0 124.875
376.65002 3.0 125.55
387.44998 3.0 129.15
376.65002 3.0 125.55
383.40002 3.0 127.8
387.44998 3.0 129.15
379.34998 3.0 126.45
387.44998 3.0 129.15
380.7 3.0 126.9
383.40002 3.0 127.8
387.44998 3.0 129.15
378.0 3.0 126.0
382.05 3.0 127.35
371.25 3.0 123.75
378.0 3.0 126.0
373.95 3.0 124.65
384.75 3.0 128.25
380.7 3.0 126.9
378.0 3.0 126.0
376.65002 3.0 125.55
379.34998 3.0 126.45
382.05 3.0 127.35
376.65002 3.0 125.55
386.09998 3.0 128.7
372.59998 3.0 124.2
376.65002 3.0 125.55
375.3 3.0 125.1
384.75 3.0 128.25
378.0 3.0 126.0
379.34998 3.0 126.45
380.7 3.0 126.9
382.05 3.0 127.35
368.55 3.0 122.85
382.05 3.0 127.35
382.05 3.0 127.35
383.40002 3.0 127.8
380.7 3.0 126.9
376.65002 3.0 125.55
376.65002 3.0 125.55
373.95 3.0 124.65
373.95 3.0 124.65
383.40002 3.0 127.8
506.25 4.0 126.5625
517.05 4.0 129.2625
508.95 4.0 127.2375
491.4 4.0 122.85
510.3 4.0 127.575
506.25 4.0 126.5625
502.2 4.0 125.55
496.8 4.0 124.2
499.5 4.0 124.875
503.55 4.0 125.8875
500.85 4.0 125.2125
495.45 4.0 123.8625
502.2 4.0 125.55
498.15 4.0 124.5375
508.95 4.0 127.2375
511.65 4.0 127.9125
502.2 4.0 125.55
508.95 4.0 127.2375
508.95 4.0 127.2375
502.2 4.0 125.55
503.55 4.0 125.8875
507.6 4.0 126.9
502.2 4.0 125.55
495.45 4.0 123.8625
495.45 4.0 123.8625
504.9 4.0 126.225
510.3 4.0 127.575
507.6 4.0 126.9
502.2 4.0 125.55
504.9 4.0 126.225
494.1 4.0 123.525
506.25 4.0 126.5625
508.95 4.0 127.2375
500.85 4.0 125.2125
506.25 4.0 126.5625
513.0 4.0 128.25
507.6 4.0 126.9
508.95 4.0 127.2375
506.25 4.0 126.5625
514.35 4.0 128.5875
511.65 4.0 127.9125
619.65 5.0 123.93
634.5 5.0 126.9
626.4 5.0 125.28
634.5 5.0 126.9
638.55 5.0 127.71
627.75 5.0 125.55
630.44995 5.0 126.09
641.25 5.0 128.25
643.94995 5.0 128.79
639.9 5.0 127.98
634.5 5.0 126.9
625.05 5.0 125.01
618.30005 5.0 123.66
635.85 5.0 127.17
634.5 5.0 126.9
619.65 5.0 123.93
637.2 5.0 127.44
622.35 5.0 124.47
648.0 5.0 129.6
626.4 5.0 125.28
635.85 5.0 127.17
631.8 5.0 126.36
635.85 5.0 127.17
615.60004 5.0 123.12
633.14996 5.0 126.63
633.14996 5.0 126.63
626.4 5.0 125.28
626.4 5.0 125.28
637.2 5.0 127.44
623.7 5.0 124.74
627.75 5.0 125.55
634.5 5.0 126.9
638.55 5.0 127.71
629.1 5.0 125.82
626.4 5.0 125.28
621.0 5.0 124.2
639.9 5.0 127.98
622.35 5.0 124.47
635.85 5.0 127.17
618.30005 5.0 123.66
621.0 5.0 124.2
756.0 6.0 126.0
749.25 6.0 124.875
754.65 6.0 125.775
761.4 6.0 126.9
768.14996 6.0 128.025
754.65 6.0 125.775
751.94995 6.0 125.325
772.19995 6.0 128.7
743.85 6.0 123.975
760.05005 6.0 126.675
761.4 6.0 126.9
753.30005 6.0 125.55
747.9 6.0 124.65
761.4 6.0 126.9
751.94995 6.0 125.325
769.5 6.0 128.25
768.14996 6.0 128.025
758.69995 6.0 126.45
756.0 6.0 126.0
754.65 6.0 125.775
734.4 6.0 122.4
746.55005 6.0 124.425
762.75 6.0 127.125
765.44995 6.0 127.575
751.94995 6.0 125.325
751.94995 6.0 125.325
757.35 6.0 126.225
774.89996 6.0 129.15
761.4 6.0 126.9
761.4 6.0 126.9
758.69995 6.0 126.45
753.30005 6.0 125.55
760.05005 6.0 126.675
765.44995 6.0 127.575
757.35 6.0 126.225
749.25 6.0 124.875
745.19995 6.0 124.2
768.14996 6.0 128.025
765.44995 6.0 127.575
751.94995 6.0 125.325
753.30005 6.0 125.55
877.5 7.0 125.35714
880.2 7.0 125.74286
876.14996 7.0 125.16428
893.69995 7.0 127.671425
884.25 7.0 126.32143
886.95 7.0 126.707146
869.39996 7.0 124.2
866.7 7.0 123.814285
885.6 7.0 126.51428
885.6 7.0 126.51428
897.75 7.0 128.25
882.9 7.0 126.12857
861.3 7.0 123.042854
865.35 7.0 123.62143
877.5 7.0 125.35714
880.2 7.0 125.74286
882.9 7.0 126.12857
885.6 7.0 126.51428
866.7 7.0 123.814285
882.9 7.0 126.12857
888.3 7.0 126.9
888.3 7.0 126.9
869.39996 7.0 124.2
880.2 7.0 125.74286
882.9 7.0 126.12857
886.95 7.0 126.707146
884.25 7.0 126.32143
888.3 7.0 126.9
882.9 7.0 126.12857
885.6 7.0 126.51428
892.35 7.0 127.47857
893.69995 7.0 127.671425
896.4 7.0 128.05714
888.3 7.0 126.9
880.2 7.0 125.74286
891.0 7.0 127.28571
903.14996 7.0 129.02142
885.6 7.0 126.51428
882.9 7.0 126.12857
884.25 7.0 126.32143
881.55 7.0 125.935715
1015.2 8.0 126.9
1005.75 8.0 125.71875
1005.75 8.0 125.71875
1011.15 8.0 126.39375
1023.3 8.0 127.9125
999.0 8.0 124.875
1005.75 8.0 125.71875
1008.45 8.0 126.05625
1008.45 8.0 126.05625
1009.8 8.0 126.225
993.6 8.0 124.2
1016.55 8.0 127.06875
1004.4 8.0 125.55
1019.25 8.0 127.40625
994.95 8.0 124.36875
993.6 8.0 124.2
1020.6 8.0 127.575
1016.55 8.0 127.06875
1019.25 8.0 127.40625
1004.4 8.0 125.55
1007.1 8.0 125.8875
1003.05 8.0 125.38125
1011.15 8.0 126.39375
1026.0 8.0 128.25
1007.1 8.0 125.8875
1011.15 8.0 126.39375
1008.45 8.0 126.05625
1015.2 8.0 126.9
1009.8 8.0 126.225
1001.7 8.0 125.2125
1016.55 8.0 127.06875
996.3 8.0 124.5375
993.6 8.0 124.2
1016.55 8.0 127.06875
999.0 8.0 124.875
1005.75 8.0 125.71875
1008.45 8.0 126.05625
1005.75 8.0 125.71875
1008.45 8.0 126.05625
1020.6 8.0 127.575
1008.45 8.0 126.05625
1129.9501 9.0 125.55
1132.65 9.0 125.85
1144.7999 9.0 127.2
1136.7001 9.0 126.3
1134.0 9.0 126.0
1140.75 9.0 126.75
1131.2999 9.0 125.7
1139.4 9.0 126.6
1132.65 9.0 125.85
1119.15 9.0 124.35
1116.4501 9.0 124.05
1138.0499 9.0 126.45
1119.15 9.0 124.35
1134.0 9.0 126.0
1120.5 9.0 124.5
1123.2001 9.0 124.8
1132.65 9.0 125.85
1131.2999 9.0 125.7
1131.2999 9.0 125.7
1154.25 9.0 128.25
1127.25 9.0 125.25
1129.9501 9.0 125.55
1138.0499 9.0 126.45
1112.4 9.0 123.6
1134.0 9.0 126.0
1128.6 9.0 125.4
1105.65 9.0 122.85
1129.9501 9.0 125.55
1119.15 9.0 124.35
1128.6 9.0 125.4
1142.1 9.0 126.9
1120.5 9.0 124.5
1127.25 9.0 125.25
1139.4 9.0 126.6
1121.85 9.0 124.65
1120.5 9.0 124.5
1138.0499 9.0 126.45
1086.75 9.0 120.75
1081.35 9.0 120.15
1119.15 9.0 124.35
1146.15 9.0 127.35
1243.35 10.0 124.335
1239.3 10.0 123.93
1264.9501 10.0 126.495
1260.8999 10.0 126.09
1227.1499 10.0 122.715
1258.2 10.0 125.82
1228.5 10.0 122.85
1181.25 10.0 118.125
1167.75 10.0 116.775
1181.25 10.0 118.125
1198.7999 10.0 119.88
1250.1 10.0 125.01
1256.85 10.0 125.685
1242.0 10.0 124.2
1251.45 10.0 125.145
1223.1 10.0 122.31
1250.1 10.0 125.01
1239.3 10.0 123.93
1243.35 10.0 124.335
1175.85 10.0 117.585
1147.5 10.0 114.75
1192.05 10.0 119.205
1194.75 10.0 119.475
1229.85 10.0 122.985
1256.85 10.0 125.685
1232.5499 10.0 123.255
1225.8 10.0 122.58
1246.05 10.0 124.605
1259.55 10.0 125.955
1233.9 10.0 123.39
1232.5499 10.0 123.255
1250.1 10.0 125.01
1259.55 10.0 125.955
1227.1499 10.0 122.715
1229.85 10.0 122.985
1254.15 10.0 125.415
1243.35 10.0 124.335
1220.4 10.0 122.04
1248.75 10.0 124.875
1246.05 10.0 124.605
1260.8999 10.0 126.09
1247.4 11.0 113.4
1263.6 11.0 114.87273
1263.6 11.0 114.87273
1331.1001 11.0 121.009094
1277.1 11.0 116.1
1267.6499 11.0 115.240906
1279.7999 11.0 116.34545
1333.8 11.0 121.25455
1304.1 11.0 118.55454
1286.55 11.0 116.95909
1196.1 11.0 108.73637
1232.55 11.0 112.05
1259.55 11.0 114.50455
1301.4 11.0 118.30909
1228.5 11.0 111.681816
1271.7001 11.0 115.60909
1281.15 11.0 116.468185
1337.85 11.0 121.62273
1165.05 11.0 105.913635
1274.4 11.0 115.854546
1310.85 11.0 119.16818
1298.7 11.0 118.06364
1287.9 11.0 117.08182
1215.0 11.0 110.454544
1220.4 11.0 110.94546
1242.0 11.0 112.90909
1216.35 11.0 110.57727
1302.75 11.0 118.431816
1262.25 11.0 114.75
1235.25 11.0 112.295456
1158.3 11.0 105.3
1169.1 11.0 106.281815
1248.75 11.0 113.52273
1227.15 11.0 111.55909
1229.85 11.0 111.80454
1246.05 11.0 113.277275
1243.35 11.0 113.031815
1229.85 11.0 111.80454
1301.4 11.0 118.30909
1323.0 11.0 120.27273
1285.2 11.0 116.836365
1279.8 12.0 106.65
1293.3 12.0 107.775
1209.6001 12.0 100.8
1250.1001 12.0 104.175
1289.25 12.0 107.4375
1256.8501 12.0 104.7375
1198.8 12.0 99.9
1236.6001 12.0 103.05
1243.3501 12.0 103.6125
1206.8999 12.0 100.575
1248.75 12.0 104.0625
1271.7 12.0 105.975
1327.05 12.0 110.5875
1297.3501 12.0 108.1125
1264.95 12.0 105.4125
1213.6499 12.0 101.1375
1285.2 12.0 107.1
1250.1001 12.0 104.175
1247.3999 12.0 103.95
1289.25 12.0 107.4375
1219.05 12.0 101.5875
1216.3501 12.0 101.3625
1263.6001 12.0 105.3
1313.55 12.0 109.4625
1196.1001 12.0 99.675
1250.1001 12.0 104.175
1244.7 12.0 103.725
1266.3 12.0 105.525
1306.8 12.0 108.9
1312.2 12.0 109.35
1212.3 12.0 101.025
1296.0 12.0 108.0
1256.8501 12.0 104.7375
1196.1001 12.0 99.675
1223.1001 12.0 101.925
1291.95 12.0 107.6625
1290.6001 12.0 107.55
1294.6499 12.0 107.8875
1210.95 12.0 100.9125
1254.1499 12.0 104.5125
1262.25 12.0 105.1875
1204.2 13.0 92.63077
1228.5 13.0 94.5
1190.7 13.0 91.59231
1186.65 13.0 91.28077
1200.15 13.0 92.31923
1217.7 13.0 93.66923
1215.0 13.0 93.46154
1329.75 13.0 102.28846
1256.85 13.0 96.68077
1228.5 13.0 94.5
1217.7 13.0 93.66923
1274.4 13.0 98.03077
1196.1 13.0 92.00769
1310.85 13.0 100.83462
1290.6 13.0 99.276924
1216.35 13.0 93.565384
1216.35 13.0 93.565384
1224.45 13.0 94.18846
1233.9 13.0 94.91538
1233.9 13.0 94.91538
1286.55 13.0 98.965385
1237.95 13.0 95.22692
1223.1 13.0 94.08462
1264.9501 13.0 97.30385
1279.7999 13.0 98.44615
1206.9 13.0 92.83846
1200.15 13.0 92.31923
1248.75 13.0 96.05769
1287.9 13.0 99.06923
1296.0 13.0 99.69231
1259.5499 13.0 96.88846
1188.0 13.0 91.38461
1178.55 13.0 90.65769
1275.75 13.0 98.13461
1270.35 13.0 97.71923
1237.95 13.0 95.22692
1216.35 13.0 93.565384
1254.15 13.0 96.473076
1233.9 13.0 94.91538
1269.0 13.0 97.61539
1279.7999 13.0 98.44615
1231.2 14.0 87.942856
1233.8999 14.0 88.13571
1237.9501 14.0 88.425
1221.75 14.0 87.26786
1237.9501 14.0 88.425
1247.4 14.0 89.1
1306.8 14.0 93.34286
1290.6 14.0 92.185715
1258.2 14.0 89.87143
1200.15 14.0 85.725
1251.45 14.0 89.38928
1290.6 14.0 92.185715
1264.95 14.0 90.35357
1235.25 14.0 88.23214
1242.0 14.0 88.71429
1254.15 14.0 89.582146
1285.2001 14.0 91.8
1247.4 14.0 89.1
1281.1499 14.0 91.51071
1220.3999 14.0 87.171425
1229.85 14.0 87.84643
1236.6001 14.0 88.328575
1220.3999 14.0 87.171425
1193.4 14.0 85.24286
1158.3 14.0 82.73572
1189.3501 14.0 84.953575
1363.5 14.0 97.39286
1281.1499 14.0 91.51071
1263.6 14.0 90.25714
1244.7 14.0 88.90714
1208.25 14.0 86.30357
1194.75 14.0 85.33929
1163.7 14.0 83.12143
1173.1499 14.0 83.796425
1216.35 14.0 86.88214
1163.7 14.0 83.12143
1206.9 14.0 86.207146
1208.25 14.0 86.30357
1204.2 14.0 86.01428
1251.45 14.0 89.38928
1202.85 14.0 85.917854
1162.3501 15.000001 77.49
1242.0001 15.000001 82.8
1239.3002 15.000001 82.62
1196.1001 15.000001 79.74
1228.5001 15.000001 81.9
1246.05 15.000001 83.07
1205.5502 15.000001 80.37
1236.6001 15.000001 82.44
1213.6501 15.000001 80.91
1287.9001 15.000001 85.86
1209.6001 15.000001 80.64
1181.2501 15.000001 78.75
1296.0001 15.000001 86.4
1225.8 15.000001 81.72
1179.9001 15.000001 78.66
1305.4501 15.000001 87.03
1231.2001 15.000001 82.08
1224.4501 15.000001 81.63
1275.7501 15.000001 85.05
1213.6501 15.000001 80.91
1275.7501 15.000001 85.05
1142.1001 15.000001 76.14
1200.1501 15.000001 80.01
1248.7501 15.000001 83.25
1177.2001 15.000001 78.48
1136.7001 15.000001 75.78
1177.2001 15.000001 78.48
1289.25 15.000001 85.95
1209.6001 15.000001 80.64
1163.7001 15.000001 77.58
1192.05 15.000001 79.47
1175.8501 15.000001 78.39
1248.7501 15.000001 83.25
1181.2501 15.000001 78.75
1279.8 15.000001 85.32
1270.3501 15.000001 84.69
1200.1501 15.000001 80.01
1188.0 15.000001 79.2
1243.3501 15.000001 82.89
1178.55 15.000001 78.57
1235.25 15.000001 82.35
1262.25 16.0 78.890625
1170.45 16.0 73.15312
1259.55 16.0 78.72188
1205.55 16.0 75.34688
1227.15 16.0 76.69688
1236.6 16.0 77.2875
1213.65 16.0 75.85313
1256.85 16.0 78.55312
1275.75 16.0 79.734375
1197.45 16.0 74.84062
1185.3 16.0 74.08125
1192.05 16.0 74.50313
1267.65 16.0 79.22813
1134.0 16.0 70.875
1217.7 16.0 76.10625
1260.9 16.0 78.80625
1237.95 16.0 77.37187
1197.45 16.0 74.84062
1170.45 16.0 73.15312
1231.2 16.0 76.95
1277.1 16.0 79.81875
1159.65 16.0 72.47813
1291.95 16.0 80.74687
1150.2 16.0 71.8875
1320.3 16.0 82.51875
1297.35 16.0 81.08437
1279.8 16.0 79.9875
1217.7 16.0 76.10625
1197.45 16.0 74.84062
1254.15 16.0 78.38438
1235.25 16.0 77.203125
1162.35 16.0 72.64687
1213.65 16.0 75.85313
1228.5 16.0 76.78125
1152.9 16.0 72.05625
1202.85 16.0 75.17812
1197.45 16.0 74.84062
1335.15 16.0 83.44688
1197.45 16.0 74.84062
1304.1 16.0 81.50625
1232.55 16.0 77.03438
1124.55 17.0 66.15
1197.45 17.0 70.43823
1259.55 17.0 74.09118
1227.15 17.0 72.185295
1243.35 17.0 73.13824
1206.9 17.0 70.99412
1177.2 17.0 69.247055
1251.4501 17.0 73.61471
1178.5499 17.0 69.32647
1235.25 17.0 72.661766
1189.35 17.0 69.96176
1162.35 17.0 68.37353
1223.1 17.0 71.94706
1231.2001 17.0 72.42353
1231.2001 17.0 72.42353
1233.9 17.0 72.58235
1233.9 17.0 72.58235
1177.2 17.0 69.247055
1239.3 17.0 72.9
1235.25 17.0 72.661766
1213.6499 17.0 71.391174
1186.65 17.0 69.80294
1193.3999 17.0 70.2
1193.3999 17.0 70.2
1221.75 17.0 71.867645
1202.85 17.0 70.75588
1237.95 17.0 72.82059
1204.2001 17.0 70.8353
1117.8 17.0 65.752945
1198.8 17.0 70.51765
1213.6499 17.0 71.391174
1151.55 17.0 67.738235
1242.0 17.0 73.05882
1205.5499 17.0 70.9147
1197.45 17.0 70.43823
1231.2001 17.0 72.42353
1248.75 17.0 73.45588
1171.8 17.0 68.92941
1120.5 17.0 65.911766
1243.35 17.0 73.13824
1197.45 17.0 70.43823
1146.15 18.0 63.675
1200.15 18.0 66.675
1158.2999 18.0 64.35
1209.6 18.0 67.2
1143.4501 18.0 63.525
1202.85 18.0 66.825
1221.75 18.0 67.875
1205.5499 18.0 66.975
1183.9501 18.0 65.775
1119.15 18.0 62.175
1219.0499 18.0 67.725
1170.4501 18.0 65.025
1189.35 18.0 66.075
1201.5 18.0 66.75
1158.2999 18.0 64.35
1178.5499 18.0 65.475
1185.2999 18.0 65.85
1189.35 18.0 66.075
1194.75 18.0 66.375
1151.5499 18.0 63.975
1237.9501 18.0 68.775
1190.7001 18.0 66.15
1198.7999 18.0 66.6
1181.25 18.0 65.625
1158.2999 18.0 64.35
1270.35 18.0 70.575
1263.6 18.0 70.2
1163.7001 18.0 64.65
1138.0499 18.0 63.225
1225.7999 18.0 68.1
1070.5499 18.0 59.475
1202.85 18.0 66.825
1227.15 18.0 68.175
1200.15 18.0 66.675
1213.65 18.0 67.425
1163.7001 18.0 64.65
1206.9 18.0 67.05
1201.5 18.0 66.75
1178.5499 18.0 65.475
1281.15 18.0 71.175
1240.65 18.0 68.925
1204.2001 19.0 63.37895
1150.2 19.0 60.536842
1190.7001 19.0 62.668423
1210.95 19.0 63.73421
1229.8501 19.0 64.72895
1138.05 19.0 59.89737
1177.2 19.0 61.957893
1169.1 19.0 61.531578
1236.6001 19.0 65.08421
1138.05 19.0 59.89737
1165.05 19.0 61.31842
1173.15 19.0 61.744736
1192.05 19.0 62.739475
1190.7001 19.0 62.668423
1252.8 19.0 65.936844
1171.7999 19.0 61.673683
1256.85 19.0 66.15
1175.85 19.0 61.88684
1178.5499 19.0 62.028946
1198.8 19.0 63.094738
1260.9 19.0 66.36316
1154.25 19.0 60.75
1291.95 19.0 67.99737
1169.1 19.0 61.531578
1135.35 19.0 59.755264
1221.7501 19.0 64.302635
1197.4501 19.0 63.023685
1190.7001 19.0 62.668423
1189.35 19.0 62.59737
1159.65 19.0 61.03421
1193.4 19.0 62.810528
1183.95 19.0 62.313156
1213.65 19.0 63.876316
1143.45 19.0 60.18158
1109.7 19.0 58.405262
1225.8 19.0 64.51579
1213.65 19.0 63.876316
1129.9501 19.0 59.471054
1151.55 19.0 60.607895
1150.2 19.0 60.536842
1158.3 19.0 60.963158
1193.3999 20.0 59.67
1193.3999 20.0 59.67
1150.2 20.0 57.51
1225.8 20.0 61.29
1236.6001 20.0 61.83
1189.35 20.0 59.4675
1220.4 20.0 61.02
1171.8 20.0 58.59
1194.75 20.0 59.7375
1167.75 20.0 58.3875
1170.45 20.0 58.5225
1212.3 20.0 60.615
1150.2 20.0 57.51
1197.4501 20.0 59.8725
1146.15 20.0 57.3075
1169.1001 20.0 58.455
1228.5 20.0 61.425
1148.85 20.0 57.4425
1173.15 20.0 58.6575
1198.7999 20.0 59.94
1154.25 20.0 57.7125
1128.6 20.0 56.43
1205.55 20.0 60.2775
1243.35 20.0 62.1675
1155.6 20.0 57.78
1188.0 20.0 59.4
1217.7 20.0 60.885
1170.45 20.0 58.5225
1202.8501 20.0 60.1425
1185.3 20.0 59.265
1236.6001 20.0 61.83
1204.2 20.0 60.21
1140.75 20.0 57.0375
1206.9 20.0 60.345
1223.1 20.0 61.155
1124.55 20.0 56.2275
1179.9 20.0 58.995
1202.8501 20.0 60.1425
1196.1 20.0 59.805
1194.75 20.0 59.7375
1094.85 20.0 54.7425
1116.4501 21.0 53.164288
1075.95 21.0 51.235714
1163.7001 21.0 55.414288
1112.4 21.0 52.971428
1201.5 21.0 57.214287
1232.5499 21.0 58.692856
1166.4 21.0 55.54286
1142.1 21.0 54.385715
1197.45 21.0 57.021427
1156.95 21.0 55.092857
1235.25 21.0 58.82143
1119.15 21.0 53.29286
1075.95 21.0 51.235714
1144.8 21.0 54.514286
1128.6001 21.0 53.74286
1119.15 21.0 53.29286
1202.85 21.0 57.278572
1144.8 21.0 54.514286
1139.3999 21.0 54.25714
1117.8 21.0 53.228573
1165.05 21.0 55.478573
1142.1 21.0 54.385715
1115.1 21.0 53.1
1194.75 21.0 56.892857
1155.6 21.0 55.028572
1143.4501 21.0 54.45
1233.8999 21.0 58.75714
1144.8 21.0 54.514286
1107.0 21.0 52.714287
1179.9 21.0 56.185715
1132.65 21.0 53.935715
1159.65 21.0 55.221428
1188.0 21.0 56.57143
1116.4501 21.0 53.164288
1171.7999 21.0 55.8
1154.25 21.0 54.964287
1125.9 21.0 53.614285
1198.7999 21.0 57.085712
1152.9 21.0 54.9
1098.9 21.0 52.32857
1112.4 21.0 52.971428
1179.9 22.0 53.631817
1171.8 22.0 53.263638
1232.55 22.0 56.025
1194.75 22.0 54.30682
1162.35 22.0 52.83409
1159.65 22.0 52.711365
1134.0 22.0 51.545456
1113.75 22.0 50.625
1166.4 22.0 53.01818
1155.6 22.0 52.52727
1156.95 22.0 52.588634
1178.5499 22.0 53.570454
1165.05 22.0 52.956818
1065.15 22.0 48.41591
1197.4501 22.0 54.429546
1173.15 22.0 53.325
1135.35 22.0 51.60682
1116.45 22.0 50.747726
1138.05 22.0 51.729546
1170.4501 22.0 53.202274
1147.5 22.0 52.159092
1134.0 22.0 51.545456
1150.2 22.0 52.28182
1139.4 22.0 51.79091
1128.6 22.0 51.3
1125.9 22.0 51.177273
1085.4 22.0 49.336365
1116.45 22.0 50.747726
1181.25 22.0 53.69318
1159.65 22.0 52.711365
1162.35 22.0 52.83409
1183.9501 22.0 53.81591
1173.15 22.0 53.325
1140.75 22.0 51.852272
1129.95 22.0 51.361362
1155.6 22.0 52.52727
1155.6 22.0 52.52727
1183.9501 22.0 53.81591
1197.4501 22.0 54.429546
1054.35 22.0 47.925
1151.55 22.0 52.34318
1093.5 23.0 47.54348
1119.15 23.0 48.658695
1124.55 23.0 48.89348
1161.0 23.0 50.47826
1131.3 23.0 49.18696
1166.4 23.0 50.713043
1115.1 23.0 48.48261
1140.75 23.0 49.597828
1170.45 23.0 50.88913
1084.05 23.0 47.13261
1185.3 23.0 51.534782
1185.3 23.0 51.534782
1138.05 23.0 49.480434
1161.0 23.0 50.47826
1131.3 23.0 49.18696
1093.5 23.0 47.54348
1092.15 23.0 47.484783
1134.0 23.0 49.304348
1132.65 23.0 49.24565
1116.4501 23.0 48.541306
1120.5 23.0 48.717392
1104.2999 23.0 48.013042
1136.7 23.0 49.421738
1143.45 23.0 49.715218
1108.35 23.0 48.18913
1097.55 23.0 47.719566
1102.9501 23.0 47.95435
1148.85 23.0 49.95
1162.35 23.0 50.536957
1107.0 23.0 48.130436
1088.1 23.0 47.308697
1197.45 23.0 52.06304
1198.7999 23.0 52.12174
1140.75 23.0 49.597828
1150.2001 23.0 50.008698
1156.95 23.0 50.302174
1107.0 23.0 48.130436
1131.3 23.0 49.18696
1167.75 23.0 50.77174
1177.2001 23.0 51.18261
1108.35 23.0 48.18913
1129.95 24.0 47.08125
1078.6499 24.0 44.94375
1129.95 24.0 47.08125
1100.25 24.0 45.84375
1054.3501 24.0 43.93125
1065.1499 24.0 44.38125
1078.6499 24.0 44.94375
1124.55 24.0 46.85625
1166.3999 24.0 48.6
1124.55 24.0 46.85625
1150.2 24.0 47.925
1098.8999 24.0 45.7875
1116.45 24.0 46.51875
1100.25 24.0 45.84375
1147.5 24.0 47.8125
1147.5 24.0 47.8125
1100.25 24.0 45.84375
1174.5 24.0 48.9375
1150.2 24.0 47.925
1105.6499 24.0 46.06875
1143.45 24.0 47.64375
1120.5 24.0 46.6875
1210.95 24.0 50.45625
1051.6499 24.0 43.81875
1154.25 24.0 48.09375
1144.8 24.0 47.7
1201.5 24.0 50.0625
1086.75 24.0 45.28125
1124.55 24.0 46.85625
1163.7 24.0 48.4875
1061.1001 24.0 44.2125
1163.7 24.0 48.4875
1135.3501 24.0 47.30625
1104.3 24.0 46.0125
1105.6499 24.0 46.06875
1102.95 24.0 45.95625
1101.6001 24.0 45.9
1131.3 24.0 47.1375
1132.6499 24.0 47.19375
1150.2 24.0 47.925
1092.1499 24.0 45.50625
1059.75 25.0 42.39
1144.8 25.0 45.792
1121.85 25.0 44.874
1051.65 25.0 42.066
1098.9 25.0 43.956
1066.5 25.0 42.66
1100.25 25.0 44.01
1092.15 25.0 43.686
1132.65 25.0 45.306
1035.45 25.0 41.418
1124.5499 25.0 44.982
1138.0499 25.0 45.522
1163.7 25.0 46.548
1017.89996 25.0 40.716
1147.5 25.0 45.9
1092.15 25.0 43.686
1134.0 25.0 45.36
1094.85 25.0 43.794
1125.9 25.0 45.036
1115.1 25.0 44.604
1136.7 25.0 45.468
1078.65 25.0 43.146
1221.75 25.0 48.87
1142.1 25.0 45.684
1039.5 25.0 41.58
1109.7 25.0 44.388
1159.65 25.0 46.386
1112.3999 25.0 44.496
1063.7999 25.0 42.552
1028.7 25.0 41.148
1105.65 25.0 44.226
1075.95 25.0 43.038
1051.65 25.0 42.066
1047.6 25.0 41.904
1101.6 25.0 44.064
1139.4 25.0 45.576
1140.75 25.0 45.63
1116.4501 25.0 44.658
1134.0 25.0 45.36
1069.2001 25.0 42.768
1182.6 25.0 47.304
1108.35 26.0 42.628845
1094.85 26.0 42.109615
1098.9 26.0 42.265385
1094.85 26.0 42.109615
1136.7 26.0 43.71923
1188.0 26.0 45.692307
1131.3 26.0 43.51154
1156.95 26.0 44.498077
1117.8 26.0 42.99231
1085.4 26.0 41.746155
1074.6 26.0 41.33077
1094.85 26.0 42.109615
1112.4 26.0 42.784615
1104.2999 26.0 42.473076
1057.05 26.0 40.65577
1182.6 26.0 45.484615
1120.5 26.0 43.096153
1109.7001 26.0 42.68077
1167.75 26.0 44.91346
1123.2001 26.0 43.2
1090.8 26.0 41.953846
1188.0 26.0 45.692307
1107.0 26.0 42.576923
1065.15 26.0 40.967308
1102.95 26.0 42.421154
1108.35 26.0 42.628845
1034.1 26.0 39.773075
1124.55 26.0 43.251923
1131.3 26.0 43.51154
1080.0 26.0 41.53846
1169.1 26.0 44.965385
1098.9 26.0 42.265385
1182.6 26.0 45.484615
1121.85 26.0 43.148075
1059.75 26.0 40.759617
1150.2 26.0 44.23846
1146.15 26.0 44.08269
1093.5 26.0 42.057693
1054.35 26.0 40.55192
1169.1 26.0 44.965385
1070.5499 26.0 41.175
1089.4501 27.000002 40.35
1065.1501 27.000002 39.45
1048.9501 27.000002 38.85
1098.9001 27.000002 40.7
1028.7001 27.000002 38.1
1081.3501 27.000002 40.05
1073.2501 27.000002 39.75
1050.3002 27.000002 38.9
1082.7001 27.000002 40.1
1086.7501 27.000002 40.25
1085.4001 27.000002 40.2
1085.4001 27.000002 40.2
1119.1501 27.000002 41.45
1026.0001 27.000002 38.0
1073.2501 27.000002 39.75
1092.1501 27.000002 40.45
1036.8002 27.000002 38.4
1062.4501 27.000002 39.35
1097.5502 27.000002 40.65
1082.7001 27.000002 40.1
1044.9001 27.000002 38.7
1067.8501 27.000002 39.55
1086.7501 27.000002 40.25
1075.9501 27.000002 39.85
1113.7501 27.000002 41.25
1055.7001 27.000002 39.1
1039.5001 27.000002 38.5
1105.6501 27.000002 40.95
1066.5001 27.000002 39.5
1148.8501 27.000002 42.55
1086.7501 27.000002 40.25
1124.5502 27.000002 41.65
1057.0502 27.000002 39.15
1111.0502 27.000002 41.15
1158.3002 27.000002 42.9
1102.9501 27.000002 40.85
1075.9501 27.000002 39.85
1061.1001 27.000002 39.3
1100.2501 27.000002 40.75
1113.7501 27.000002 41.25
1051.6501 27.000002 38.95
1066.5 28.0 38.089287
1017.9 28.0 36.353573
1088.1 28.0 38.860714
1066.5 28.0 38.089287
1088.1 28.0 38.860714
1067.85 28.0 38.1375
1066.5 28.0 38.089287
1097.55 28.0 39.198215
1077.2999 28.0 38.475
1053.0 28.0 37.607143
1116.45 28.0 39.873215
1031.3999 28.0 36.835712
1177.2001 28.0 42.04286
1039.5 28.0 37.125
1089.45 28.0 38.908928
1050.3 28.0 37.510715
1139.3999 28.0 40.692856
1071.9 28.0 38.282143
1088.1 28.0 38.860714
1055.7 28.0 37.70357
1081.3501 28.0 38.619644
1061.1 28.0 37.896427
1077.2999 28.0 38.475
1093.5 28.0 39.05357
1115.1 28.0 39.825
1081.3501 28.0 38.619644
1120.5 28.0 40.017857
1055.7 28.0 37.70357
1058.4 28.0 37.8
1124.5499 28.0 40.1625
1030.0499 28.0 36.7875
1050.3 28.0 37.510715
1174.5 28.0 41.94643
1115.1 28.0 39.825
1065.15 28.0 38.041073
1123.2 28.0 40.114285
1075.95 28.0 38.426785
1038.15 28.0 37.076786
1112.4 28.0 39.728573
1073.25 28.0 38.330357
1066.5 28.0 38.089287
1061.1001 29.0 36.589657
1086.75 29.0 37.474136
1093.5 29.0 37.706898
1080.0 29.0 37.24138
1131.3 29.0 39.010345
1067.85 29.0 36.822414
1047.6 29.0 36.124138
1080.0 29.0 37.24138
1138.05 29.0 39.243103
1073.25 29.0 37.00862
1059.75 29.0 36.543102
1074.6 29.0 37.055172
1128.6 29.0 38.91724
1104.3 29.0 38.07931
1107.0 29.0 38.172413
1042.2 29.0 35.93793
1071.9 29.0 36.96207
1058.4 29.0 36.49655
1031.4 29.0 35.565517
1107.0 29.0 38.172413
1138.05 29.0 39.243103
1107.0 29.0 38.172413
1042.2 29.0 35.93793
1086.75 29.0 37.474136
1108.35 29.0 38.218964
1024.65 29.0 35.33276
1054.35 29.0 36.356895
1101.6 29.0 37.986206
1065.1499 29.0 36.72931
1098.9 29.0 37.893105
1069.2 29.0 36.868965
1055.7001 29.0 36.40345
1055.7001 29.0 36.40345
1065.1499 29.0 36.72931
1067.85 29.0 36.822414
1044.9 29.0 36.031036
1093.5 29.0 37.706898
1080.0 29.0 37.24138
1093.5 29.0 37.706898
1084.05 29.0 37.381035
1077.3 29.0 37.148277
1044.9001 30.000002 34.83
1038.15 30.000002 34.605
1023.3001 30.000002 34.11
1098.9001 30.000002 36.63
1027.35 30.000002 34.245
1113.7501 30.000002 37.125
1097.55 30.000002 36.585
1090.8 30.000002 36.36
1048.9501 30.000002 34.965
986.8501 30.000002 32.895
1036.8 30.000002 34.56
1121.8501 30.000002 37.395
1058.4 30.000002 35.28
1102.9501 30.000002 36.765
1003.0501 30.000002 33.435
1093.5001 30.000002 36.45
1020.6001 30.000002 34.02
1055.7001 30.000002 35.19
1053.0 30.000002 35.1
1073.2501 30.000002 35.775
1071.9 30.000002 35.73
1024.65 30.000002 34.155
1054.3501 30.000002 35.145
1138.0502 30.000002 37.935
1112.4001 30.000002 37.08
1047.6 30.000002 34.92
1050.3 30.000002 35.01
1104.3002 30.000002 36.81
1053.0 30.000002 35.1
1046.2501 30.000002 34.875
1066.5 30.000002 35.55
1051.65 30.000002 35.055
1009.80005 30.000002 33.66
977.40015 30.000002 32.58
1069.2001 30.000002 35.64
1013.85004 30.000002 33.795
1021.95 30.000002 34.065
1009.80005 30.000002 33.66
1042.2001 30.000002 34.74
1003.0501 30.000002 33.435
1040.8501 30.000002 34.695
985.5 31.0 31.790323
984.15 31.0 31.746775
1032.75 31.0 33.314518
1059.75 31.0 34.185482
1100.25 31.0 35.491936
1017.89996 31.0 32.835484
1055.7001 31.0 34.05484
1008.44995 31.0 32.530643
1028.7001 31.0 33.183872
1055.7001 31.0 34.05484
1004.4 31.0 32.4
1032.75 31.0 33.314518
1061.1 31.0 34.22903
1000.35004 31.0 32.269356
1057.05 31.0 34.09839
976.05 31.0 31.485483
1000.35004 31.0 32.269356
1085.4 31.0 35.012905
1021.95 31.0 32.96613
997.65 31.0 32.18226
1044.9 31.0 33.70645
1071.9 31.0 34.57742
992.25 31.0 32.008064
1003.05005 31.0 32.356453
999.0 31.0 32.225807
1039.5 31.0 33.532257
1084.05 31.0 34.969357
1046.25 31.0 33.75
1080.0 31.0 34.83871
1054.3501 31.0 34.01129
1047.6 31.0 33.79355
1062.45 31.0 34.27258
1078.65 31.0 34.795162
1017.89996 31.0 32.835484
1019.25 31.0 32.879032
969.3 31.0 31.267742
981.45 31.0 31.659678
1047.6 31.0 33.79355
1027.35 31.0 33.140324
1034.1 31.0 33.358063
996.3 31.0 32.13871
1016.55 32.0 31.767187
1055.7 32.0 32.990623
1030.05 32.0 32.189064
1050.3 32.0 32.821877
1074.6 32.0 33.58125
1026.0 32.0 32.0625
980.1 32.0 30.628124
958.5 32.0 29.953125
1031.4 32.0 32.23125
1053.0 32.0 32.90625
974.7 32.0 30.459375
986.85 32.0 30.839062
1042.2 32.0 32.56875
1140.75 32.0 35.648438
1036.8 32.0 32.4
1066.5 32.0 33.328125
970.65 32.0 30.332813
1012.5 32.0 31.640625
1067.85 32.0 33.37031
982.8 32.0 30.7125
1000.35 32.0 31.260937
1011.15 32.0 31.598438
1059.75 32.0 33.117188
990.9 32.0 30.965626
1102.95 32.0 34.467186
1053.0 32.0 32.90625
993.6 32.0 31.05
1026.0 32.0 32.0625
976.05 32.0 30.501562
1048.95 32.0 32.779686
1085.4 32.0 33.91875
994.95 32.0 31.092188
1020.6 32.0 31.89375
1031.4 32.0 32.23125
1035.45 32.0 32.35781
992.25 32.0 31.007812
1013.85 32.0 31.682812
1009.8 32.0 31.55625
1053.0 32.0 32.90625
1094.85 32.0 34.21406
949.05 32.0 29.657812
1028.7 33.0 31.172728
1023.3 33.0 31.00909
1024.65 33.0 31.05
1034.1 33.0 31.336363
994.95 33.0 30.15
1054.35 33.0 31.95
989.55005 33.0 29.986364
1031.4 33.0 31.254545
992.25 33.0 30.068182
1019.25 33.0 30.886364
1021.95 33.0 30.968182
1026.0 33.0 31.09091
1036.8 33.0 31.418182
1000.35004 33.0 30.313637
1047.6 33.0 31.745455
972.0 33.0 29.454546
1085.3999 33.0 32.890907
978.75 33.0 29.65909
1024.65 33.0 31.05
950.39996 33.0 28.8
1005.75 33.0 30.477272
1090.8 33.0 33.054546
990.9 33.0 30.027273
994.95 33.0 30.15
1040.85 33.0 31.540909
999.0 33.0 30.272728
1024.65 33.0 31.05
1021.95 33.0 30.968182
1015.19995 33.0 30.763636
1047.6 33.0 31.745455
997.64996 33.0 30.231817
1008.45 33.0 30.559092
1039.5 33.0 31.5
1058.4 33.0 32.072727
1015.19995 33.0 30.763636
1008.45 33.0 30.559092
1112.4 33.0 33.70909
1019.25 33.0 30.886364
1023.3 33.0 31.00909
1030.05 33.0 31.213636
974.7 33.0 29.536364
959.85004 34.0 28.230883
988.2 34.0 29.064707
950.4 34.0 27.952942
1023.3 34.0 30.09706
1007.1 34.0 29.620588
999.0 34.0 29.382353
1012.5 34.0 29.779411
934.2 34.0 27.47647
1001.7 34.0 29.461765
973.35 34.0 28.627941
992.25 34.0 29.183823
935.55 34.0 27.516176
1027.35 34.0 30.216177
1039.5 34.0 30.57353
992.25 34.0 29.183823
977.4 34.0 28.747059
982.8 34.0 28.905882
1013.85004 34.0 29.819118
1017.9 34.0 29.938236
999.0 34.0 29.382353
997.65 34.0 29.342648
992.25 34.0 29.183823
1015.2 34.0 29.858824
985.5 34.0 28.985294
1012.5 34.0 29.779411
974.69995 34.0 28.667646
989.55 34.0 29.104412
1026.0 34.0 30.17647
1044.9 34.0 30.732353
1015.2 34.0 29.858824
1039.5 34.0 30.57353
1017.9 34.0 29.938236
1003.05 34.0 29.50147
993.60004 34.0 29.22353
1034.1 34.0 30.414705
1005.75 34.0 29.580883
1007.1 34.0 29.620588
1011.15 34.0 29.739706
1003.05 34.0 29.50147
1005.75 34.0 29.580883
969.3 34.0 28.508823
1008.45 35.0 28.812857
942.3 35.0 26.922857
942.3 35.0 26.922857
1004.4 35.0 28.697144
978.75 35.0 27.964285
1000.35 35.0 28.581429
981.45 35.0 28.04143
967.95 35.0 27.655714
1015.2 35.0 29.005714
1031.4 35.0 29.46857
988.2 35.0 28.234285
951.75 35.0 27.192858
928.80005 35.0 26.537144
990.89996 35.0 28.311428
980.1 35.0 28.002857
982.8 35.0 28.08
994.95 35.0 28.427143
928.80005 35.0 26.537144
954.45 35.0 27.27
1001.7 35.0 28.62
976.05 35.0 27.887142
934.2 35.0 26.69143
942.3 35.0 26.922857
1011.14996 35.0 28.89
978.75 35.0 27.964285
1021.95 35.0 29.198572
976.05 35.0 27.887142
1043.5499 35.0 29.815714
1040.85 35.0 29.738571
1082.7001 35.0 30.934286
978.75 35.0 27.964285
996.3 35.0 28.465714
969.30005 35.0 27.694286
1044.9 35.0 29.854286
940.94995 35.0 26.884285
1015.2 35.0 29.005714
953.1 35.0 27.231428
935.55 35.0 26.73
996.3 35.0 28.465714
1016.55 35.0 29.044285
1026.0 35.0 29.314285
946.35004 36.0 26.2875
989.55 36.0 27.4875
1039.5 36.0 28.875
989.55 36.0 27.4875
1004.39996 36.0 27.9
980.10004 36.0 27.225
950.39996 36.0 26.4
936.89996 36.0 26.025
981.45 36.0 27.2625
1058.4 36.0 29.4
1017.89996 36.0 28.275
988.2 36.0 27.45
962.55 36.0 26.7375
985.5 36.0 27.375
886.95 36.0 24.6375
966.60004 36.0 26.85
994.95 36.0 27.6375
947.7 36.0 26.325
1012.5 36.0 28.125
967.95 36.0 26.8875
1017.89996 36.0 28.275
984.14996 36.0 27.3375
999.0 36.0 27.75
1017.89996 36.0 28.275
1007.10004 36.0 27.975
1000.35004 36.0 27.7875
992.25 36.0 27.5625
961.2 36.0 26.7
986.85004 36.0 27.4125
999.0 36.0 27.75
908.55 36.0 25.2375
981.45 36.0 27.2625
977.39996 36.0 27.15
999.0 36.0 27.75
984.14996 36.0 27.3375
996.3 36.0 27.675
951.75 36.0 26.4375
1011.14996 36.0 28.0875
974.7 36.0 27.075
976.05 36.0 27.1125
1003.05 36.0 27.8625
946.35 37.0 25.577026
903.15 37.0 24.40946
1009.8 37.0 27.291891
955.8 37.0 25.832432
940.95 37.0 25.431082
966.60004 37.0 26.124325
942.3 37.0 25.467567
976.05005 37.0 26.37973
953.1 37.0 25.759459
973.35004 37.0 26.306757
931.5 37.0 25.175676
950.4 37.0 25.686487
957.15 37.0 25.86892
1043.55 37.0 28.204054
982.8 37.0 26.562162
990.89996 37.0 26.78108
930.14996 37.0 25.139189
965.25 37.0 26.087837
945.0 37.0 25.54054
993.6 37.0 26.854053
978.75 37.0 26.452703
973.35004 37.0 26.306757
927.44995 37.0 25.066216
961.2 37.0 25.978378
974.69995 37.0 26.343243
989.55 37.0 26.744595
1030.05 37.0 27.83919
940.95 37.0 25.431082
1007.10004 37.0 27.21892
945.0 37.0 25.54054
976.05005 37.0 26.37973
1015.2 37.0 27.437838
969.30005 37.0 26.197298
939.6 37.0 25.394594
900.45 37.0 24.336487
996.3 37.0 26.927027
905.85004 37.0 24.482433
974.69995 37.0 26.343243
1001.7 37.0 27.072973
947.7 37.0 25.613514
1031.4 37.0 27.875675
972.0 38.0 25.578947
949.05 38.0 24.975
950.4 38.0 25.010527
978.75 38.0 25.756578
965.25 38.0 25.401316
942.30005 38.0 24.797369
905.85 38.0 23.838158
923.39996 38.0 24.3
1000.35004 38.0 26.325
915.3 38.0 24.086842
961.2 38.0 25.294737
976.05 38.0 25.685526
1024.65 38.0 26.964474
934.2 38.0 24.584211
946.35004 38.0 24.903948
946.35004 38.0 24.903948
988.19995 38.0 26.005262
967.95 38.0 25.472368
978.75 38.0 25.756578
970.64996 38.0 25.54342
934.2 38.0 24.584211
953.10004 38.0 25.08158
982.8 38.0 25.863157
934.2 38.0 24.584211
957.15 38.0 25.188158
992.24994 38.0 26.111841
977.39996 38.0 25.721052
957.15 38.0 25.188158
924.75 38.0 24.335526
932.85004 38.0 24.548685
1011.15 38.0 26.609211
928.8 38.0 24.442104
951.75 38.0 25.046053
930.15 38.0 24.477633
958.5 38.0 25.223684
936.9 38.0 24.655264
999.0 38.0 26.289474
957.15 38.0 25.188158
931.50006 38.0 24.513159
942.30005 38.0 24.797369
970.64996 38.0 25.54342
984.06165 39.0 25.23235
990.8203 39.0 25.40565
958.37866 39.0 24.573812
900.2542 39.0 23.08344
988.1168 39.0 25.336329
915.1232 39.0 23.464699
969.19257 39.0 24.851091
932.69574 39.0 23.915276
905.66113 39.0 23.22208
988.1168 39.0 25.336329
951.62 39.0 24.400513
959.73047 39.0 24.608473
939.45447 39.0 24.088575
893.4955 39.0 22.910141
942.1579 39.0 24.157894
943.50964 39.0 24.192554
936.7509 39.0 24.019255
921.8819 39.0 23.637997
935.39923 39.0 23.984596
947.5648 39.0 24.296534
927.2888 39.0 23.776636
950.2683 39.0 24.365854
940.8062 39.0 24.123236
984.06165 39.0 25.23235
877.27466 39.0 22.494223
966.4891 39.0 24.78177
958.37866 39.0 24.573812
921.8819 39.0 23.637997
948.91656 39.0 24.331194
919.17847 39.0 23.568678
905.66113 39.0 23.22208
948.91656 39.0 24.331194
978.65466 39.0 25.09371
942.1579 39.0 24.157894
1021.9101 39.0 26.202824
957.0269 39.0 24.539152
966.4891 39.0 24.78177
957.0269 39.0 24.539152
982.7099 39.0 25.19769
986.7651 39.0 25.301668
884.0334 39.0 22.667522
927.45 40.0 23.18625
896.4 40.0 22.41
930.15 40.0 23.25375
882.9 40.0 22.0725
980.10004 40.0 24.5025
965.25 40.0 24.13125
878.85004 40.0 21.97125
1005.75 40.0 25.14375
967.94995 40.0 24.19875
873.45 40.0 21.83625
908.55005 40.0 22.71375
903.15 40.0 22.57875
953.1 40.0 23.8275
949.05 40.0 23.72625
930.15 40.0 23.25375
861.3 40.0 21.5325
920.7 40.0 23.0175
942.30005 40.0 23.5575
857.25 40.0 21.43125
919.35 40.0 22.98375
880.19995 40.0 22.005
896.4 40.0 22.41
926.1 40.0 23.1525
904.5 40.0 22.6125
878.85004 40.0 21.97125
913.94995 40.0 22.84875
945.0 40.0 23.625
927.45 40.0 23.18625
963.9 40.0 24.0975
924.75 40.0 23.11875
949.05 40.0 23.72625
962.55 40.0 24.06375
911.25 40.0 22.78125
922.05005 40.0 23.05125
945.0 40.0 23.625
897.75 40.0 22.44375
909.89996 40.0 22.7475
900.44995 40.0 22.51125
928.8 40.0 23.22
900.44995 40.0 22.51125
900.44995 40.0 22.51125
909.89996 41.0 22.192682
912.60004 41.0 22.258537
862.64996 41.0 21.040243
891.0 41.0 21.731707
907.2 41.0 22.12683
950.4 41.0 23.180489
891.0 41.0 21.731707
930.14996 41.0 22.686584
943.65 41.0 23.015854
927.45 41.0 22.620731
920.69995 41.0 22.456097
900.44995 41.0 21.962194
920.69995 41.0 22.456097
928.8 41.0 22.653658
962.55 41.0 23.47683
907.2 41.0 22.12683
884.25 41.0 21.567074
915.3 41.0 22.32439
861.3 41.0 21.007317
886.95 41.0 21.632927
907.2 41.0 22.12683
915.3 41.0 22.32439
861.3 41.0 21.007317
932.85004 41.0 22.75244
892.35004 41.0 21.764635
927.45 41.0 22.620731
896.4 41.0 21.863415
908.55 41.0 22.159756
970.65 41.0 23.67439
891.0 41.0 21.731707
939.6 41.0 22.917072
847.8 41.0 20.67805
927.45 41.0 22.620731
950.4 41.0 23.180489
916.65 41.0 22.357317
892.35004 41.0 21.764635
916.65 41.0 22.357317
945.0 41.0 23.04878
949.05 41.0 23.14756
903.15 41.0 22.02805
978.75006 41.0 23.871952
877.5 42.0 20.892857
896.4 42.0 21.342857
904.50006 42.0 21.535715
873.45 42.0 20.796429
912.6 42.0 21.72857
963.9 42.0 22.95
862.65 42.0 20.539286
934.2 42.0 22.242857
918.0 42.0 21.857143
936.89996 42.0 22.307142
892.35004 42.0 21.24643
878.85 42.0 20.925
928.80005 42.0 22.114286
928.80005 42.0 22.114286
897.75 42.0 21.375
877.5 42.0 20.892857
923.39996 42.0 21.985714
919.35004 42.0 21.889286
961.19995 42.0 22.885714
870.75 42.0 20.732143
946.35 42.0 22.532143
873.45 42.0 20.796429
896.4 42.0 21.342857
890.99994 42.0 21.214285
864.0 42.0 20.571428
903.14996 42.0 21.50357
908.55 42.0 21.632143
841.05 42.0 20.025
912.6 42.0 21.72857
924.75 42.0 22.017857
926.1 42.0 22.05
904.50006 42.0 21.535715
908.55 42.0 21.632143
915.3 42.0 21.792856
909.9 42.0 21.664286
899.1 42.0 21.407143
864.0 42.0 20.571428
932.85 42.0 22.210714
880.2 42.0 20.957144
857.25006 42.0 20.410715
919.35004 42.0 21.889286
889.65 43.0 20.689535
872.1 43.0 20.281395
881.55005 43.0 20.501163
886.94995 43.0 20.626743
843.75 43.0 19.622093
881.55005 43.0 20.501163
868.05005 43.0 20.18721
854.55005 43.0 19.873257
874.80005 43.0 20.344187
872.1 43.0 20.281395
912.6 43.0 21.223255
935.55 43.0 21.756977
936.9 43.0 21.788372
907.2 43.0 21.097675
934.2 43.0 21.725582
920.7 43.0 21.411629
919.35 43.0 21.380232
882.9 43.0 20.532558
909.9 43.0 21.160465
865.35 43.0 20.124418
907.2 43.0 21.097675
842.4 43.0 19.590698
940.95 43.0 21.882559
858.6 43.0 19.967442
912.6 43.0 21.223255
873.44995 43.0 20.31279
874.80005 43.0 20.344187
928.8 43.0 21.6
870.75 43.0 20.25
895.05005 43.0 20.815117
901.80005 43.0 20.972094
891.0 43.0 20.72093
922.05005 43.0 21.443024
953.1 43.0 22.165115
889.65 43.0 20.689535
884.25 43.0 20.563953
895.05005 43.0 20.815117
866.69995 43.0 20.155813
831.6 43.0 19.339535
911.25 43.0 21.19186
870.75 43.0 20.25
835.65 44.0 18.992046
854.55 44.0 19.42159
927.45 44.0 21.07841
853.2 44.0 19.39091
854.55 44.0 19.42159
866.7 44.0 19.697727
884.24994 44.0 20.09659
895.05 44.0 20.342045
888.30005 44.0 20.188637
912.60004 44.0 20.74091
831.6 44.0 18.9
831.6 44.0 18.9
874.80005 44.0 19.881819
869.39996 44.0 19.75909
895.05 44.0 20.342045
859.94995 44.0 19.544317
873.45 44.0 19.851137
884.24994 44.0 20.09659
881.55 44.0 20.035227
857.25 44.0 19.482954
855.89996 44.0 19.452272
908.55 44.0 20.648863
891.0 44.0 20.25
865.35 44.0 19.667046
909.9 44.0 20.679546
873.45 44.0 19.851137
862.65 44.0 19.605682
872.1 44.0 19.820454
873.45 44.0 19.851137
826.2 44.0 18.777273
838.35004 44.0 19.05341
868.05 44.0 19.728409
855.89996 44.0 19.452272
874.80005 44.0 19.881819
838.35004 44.0 19.05341
830.25 44.0 18.869318
874.80005 44.0 19.881819
918.0 44.0 20.863636
896.39996 44.0 20.372726
901.8 44.0 20.495455
842.4 44.0 19.145454
876.14996 45.0 19.47
832.95 45.0 18.51
838.35 45.0 18.63
916.65 45.0 20.37
841.05005 45.0 18.69
832.95 45.0 18.51
873.45 45.0 19.41
864.00006 45.0 19.2
846.44995 45.0 18.81
826.2 45.0 18.36
881.55 45.0 19.59
853.19995 45.0 18.96
857.24994 45.0 19.05
931.50006 45.0 20.7
845.10004 45.0 18.78
874.80005 45.0 19.44
877.5 45.0 19.5
858.6 45.0 19.08
901.80005 45.0 20.04
908.55005 45.0 20.19
865.35 45.0 19.23
882.9 45.0 19.62
824.85 45.0 18.33
909.89996 45.0 20.22
859.95 45.0 19.11
834.30005 45.0 18.54
870.75 45.0 19.35
793.8 45.0 17.64
862.65 45.0 19.17
855.9 45.0 19.02
831.6 45.0 18.48
865.35 45.0 19.23
854.55 45.0 18.99
877.5 45.0 19.5
913.94995 45.0 20.31
855.9 45.0 19.02
895.05 45.0 19.89
872.1 45.0 19.38
832.95 45.0 18.51
858.6 45.0 19.08
815.4 45.0 18.12
788.39996 46.0 17.13913
831.6 46.0 18.07826
841.05 46.0 18.283695
838.35004 46.0 18.225
769.49994 46.0 16.72826
845.1 46.0 18.371738
799.2 46.0 17.373913
827.55 46.0 17.990217
818.1 46.0 17.784782
839.7001 46.0 18.254349
837.0 46.0 18.195652
870.75 46.0 18.929348
808.64996 46.0 17.579348
827.55 46.0 17.990217
849.15 46.0 18.459784
854.55 46.0 18.577173
878.85 46.0 19.105434
891.00006 46.0 19.369566
878.85 46.0 19.105434
850.5 46.0 18.48913
788.39996 46.0 17.13913
868.0499 46.0 18.870651
884.25 46.0 19.222826
838.35004 46.0 18.225
826.19995 46.0 17.960869
877.49994 46.0 19.076086
876.15 46.0 19.04674
846.45 46.0 18.401087
884.25 46.0 19.222826
877.49994 46.0 19.076086
796.5 46.0 17.315218
891.00006 46.0 19.369566
849.15 46.0 18.459784
855.9 46.0 18.606522
830.25006 46.0 18.048914
818.1 46.0 17.784782
841.05 46.0 18.283695
853.2 46.0 18.547827
824.85004 46.0 17.931522
859.94995 46.0 18.694565
854.55 46.0 18.577173
778.95 47.0 16.573404
822.15 47.0 17.492554
808.64996 47.0 17.205318
783.0 47.0 16.659575
795.15 47.0 16.918085
830.25 47.0 17.664894
828.89996 47.0 17.63617
835.64996 47.0 17.779787
858.60004 47.0 18.268085
812.69995 47.0 17.291489
835.64996 47.0 17.779787
807.3 47.0 17.176596
849.14996 47.0 18.06702
864.0 47.0 18.382978
811.35 47.0 17.262766
831.6 47.0 17.693617
765.45 47.0 16.286171
858.60004 47.0 18.268085
862.65 47.0 18.354256
850.5 47.0 18.095745
793.80005 47.0 16.889362
858.60004 47.0 18.268085
850.5 47.0 18.095745
838.35004 47.0 17.837234
818.10004 47.0 17.406384
772.19995 47.0 16.429787
822.15 47.0 17.492554
877.50006 47.0 18.670214
824.85 47.0 17.55
839.7 47.0 17.865957
832.94995 47.0 17.72234
830.25 47.0 17.664894
830.25 47.0 17.664894
804.6 47.0 17.119148
874.8 47.0 18.612766
834.30005 47.0 17.751064
831.6 47.0 17.693617
777.60004 47.0 16.544682
861.2999 47.0 18.325531
857.24994 47.0 18.23936
814.05005 47.0 17.320213
780.30005 48.0 16.25625
822.14996 48.0 17.128124
839.69995 48.0 17.49375
822.14996 48.0 17.128124
849.14996 48.0 17.690624
796.5 48.0 16.59375
803.25 48.0 16.734375
801.89996 48.0 16.70625
823.5 48.0 17.15625
830.25 48.0 17.296875
799.19995 48.0 16.65
758.69995 48.0 15.80625
808.64996 48.0 16.846874
797.85004 48.0 16.621876
827.55005 48.0 17.240625
801.89996 48.0 16.70625
853.19995 48.0 17.775
820.80005 48.0 17.1
807.30005 48.0 16.81875
781.64996 48.0 16.284374
800.55005 48.0 16.678125
849.14996 48.0 17.690624
792.44995 48.0 16.509375
807.30005 48.0 16.81875
822.14996 48.0 17.128124
841.05005 48.0 17.521875
827.55005 48.0 17.240625
810.0 48.0 16.875
831.60004 48.0 17.325
849.14996 48.0 17.690624
866.69995 48.0 18.05625
803.25 48.0 16.734375
828.89996 48.0 17.26875
850.5 48.0 17.71875
862.64996 48.0 17.971874
862.64996 48.0 17.971874
861.30005 48.0 17.94375
766.80005 48.0 15.975
774.89996 48.0 16.14375
839.69995 48.0 17.49375
843.75 48.0 17.578125
822.15 49.0 16.778572
839.69995 49.0 17.136734
811.35 49.0 16.558163
796.5 49.0 16.255102
800.55 49.0 16.337755
865.35 49.0 17.660204
791.1 49.0 16.144897
831.6 49.0 16.971428
822.15 49.0 16.778572
811.35 49.0 16.558163
814.05005 49.0 16.613266
799.19995 49.0 16.310204
827.55 49.0 16.888775
837.0 49.0 17.081633
820.8 49.0 16.75102
859.94995 49.0 17.55
804.6 49.0 16.420408
797.85004 49.0 16.282654
799.19995 49.0 16.310204
810.00006 49.0 16.530613
780.3 49.0 15.92449
781.64996 49.0 15.952041
834.30005 49.0 17.026531
882.9 49.0 18.018368
824.85 49.0 16.833673
800.55 49.0 16.337755
814.05005 49.0 16.613266
810.00006 49.0 16.530613
799.19995 49.0 16.310204
797.85004 49.0 16.282654
800.55 49.0 16.337755
882.9 49.0 18.018368
811.35 49.0 16.558163
772.2 49.0 15.759184
851.85 49.0 17.384693
787.05 49.0 16.062244
795.14996 49.0 16.22755
814.05005 49.0 16.613266
837.0 49.0 17.081633
814.05005 49.0 16.613266
758.69995 49.0 15.483673
800.55 50.0 16.011
747.9 50.0 14.958
738.45 50.0 14.769
761.39996 50.0 15.228
820.80005 50.0 16.416
818.1 50.0 16.362
796.5 50.0 15.93
753.3 50.0 15.066
814.05 50.0 16.281
819.45 50.0 16.389
810.00006 50.0 16.2
777.6 50.0 15.552
765.45 50.0 15.309
753.3 50.0 15.066
819.45 50.0 16.389
784.35004 50.0 15.687
803.25 50.0 16.065
760.05 50.0 15.201
787.05 50.0 15.741
765.45 50.0 15.309
747.9 50.0 14.958
769.5 50.0 15.39
823.49994 50.0 16.47
808.65 50.0 16.173
780.3 50.0 15.606
827.55005 50.0 16.551
783.0 50.0 15.66
799.2 50.0 15.984
803.25 50.0 16.065
822.15 50.0 16.443
777.6 50.0 15.552
824.85 50.0 16.497
800.55 50.0 16.011
791.1 50.0 15.822
795.15 50.0 15.903
799.2 50.0 15.984
812.7 50.0 16.254
808.65 50.0 16.173
820.80005 50.0 16.416
757.35004 50.0 15.147
754.65 50.0 15.093
784.35 51.0 15.379412
799.2 51.0 15.6705885
768.15 51.0 15.061765
758.7 51.0 14.876471
758.7 51.0 14.876471
801.9 51.0 15.72353
747.9 51.0 14.664706
765.45 51.0 15.008823
776.25 51.0 15.220589
760.05 51.0 14.902941
785.69995 51.0 15.405882
761.4 51.0 14.929412
830.25 51.0 16.279411
753.3 51.0 14.770588
750.6 51.0 14.717647
757.35004 51.0 14.85
808.65 51.0 15.855883
760.05 51.0 14.902941
735.75 51.0 14.426471
814.05 51.0 15.961764
803.25 51.0 15.75
778.94995 51.0 15.273529
783.0 51.0 15.3529415
793.8 51.0 15.564706
808.65 51.0 15.855883
819.4501 51.0 16.067648
778.94995 51.0 15.273529
754.65 51.0 14.797059
750.6 51.0 14.717647
804.6 51.0 15.77647
810.0 51.0 15.882353
792.45 51.0 15.538236
764.10004 51.0 14.982353
741.15 51.0 14.532353
757.35004 51.0 14.85
766.80005 51.0 15.035295
777.6 51.0 15.247059
764.10004 51.0 14.982353
796.5 51.0 15.617647
773.55 51.0 15.167647
793.8 51.0 15.564706
773.55 52.0 14.875961
766.8 52.0 14.746154
743.85 52.0 14.304808
735.75 52.0 14.149038
807.3 52.0 15.525
747.9 52.0 14.382692
777.6 52.0 14.953846
757.35 52.0 14.564423
762.75 52.0 14.668269
729.0 52.0 14.019231
792.45 52.0 15.239423
758.7 52.0 14.5903845
739.8 52.0 14.226923
745.2 52.0 14.33077
757.35 52.0 14.564423
784.35 52.0 15.083653
737.10004 52.0 14.175
710.1 52.0 13.655769
804.6 52.0 15.473077
770.85 52.0 14.8240385
760.05 52.0 14.616346
734.4 52.0 14.123077
804.6 52.0 15.473077
783.0 52.0 15.057693
781.65 52.0 15.031731
776.25 52.0 14.927885
803.25 52.0 15.447115
780.3 52.0 15.005769
768.15 52.0 14.772116
754.64996 52.0 14.5125
772.2 52.0 14.85
765.44995 52.0 14.720192
805.95 52.0 15.499039
797.85 52.0 15.343269
778.95 52.0 14.979808
761.39996 52.0 14.642307
730.35004 52.0 14.045193
783.0 52.0 15.057693
739.8 52.0 14.226923
727.64996 52.0 13.993269
743.85 52.0 14.304808
731.0396 52.999996 13.793201
718.8782 52.999996 13.56374
751.3087 52.999996 14.175637
717.52686 52.999996 13.538243
768.8753 52.999996 14.507082
731.0396 52.999996 13.793201
764.8215 52.999996 14.430594
681.0424 52.999996 12.849858
693.2039 52.999996 13.07932
794.54956 52.999996 14.991502
779.6855 52.999996 14.711048
743.2011 52.999996 14.022663
744.55237 52.999996 14.048159
763.4702 52.999996 14.405099
759.4164 52.999996 14.328612
732.39087 52.999996 13.818697
783.7393 52.999996 14.787536
785.0906 52.999996 14.813031
737.79596 52.999996 13.92068
735.0934 52.999996 13.869688
694.5552 52.999996 13.1048155
749.95746 52.999996 14.150142
760.76764 52.999996 14.354108
724.28326 52.999996 13.665723
787.79315 52.999996 14.864022
740.49854 52.999996 13.971671
720.22943 52.999996 13.589235
739.1473 52.999996 13.946176
758.06506 52.999996 14.303116
770.22656 52.999996 14.5325775
794.54956 52.999996 14.991502
749.95746 52.999996 14.150142
760.76764 52.999996 14.354108
766.1728 52.999996 14.456091
767.52405 52.999996 14.481586
754.0113 52.999996 14.226629
694.5552 52.999996 13.1048155
766.1728 52.999996 14.456091
762.1189 52.999996 14.379603
763.4702 52.999996 14.405099
726.9858 52.999996 13.716714
724.9501 54.000004 13.425
750.60004 54.000004 13.9
715.50006 54.000004 13.25
750.60004 54.000004 13.9
715.50006 54.000004 13.25
746.55005 54.000004 13.825
746.55005 54.000004 13.825
738.4501 54.000004 13.675
715.50006 54.000004 13.25
745.2001 54.000004 13.8
739.80005 54.000004 13.7
760.05005 54.000004 14.075
754.6501 54.000004 13.975
760.05005 54.000004 14.075
738.4501 54.000004 13.675
729.00006 54.000004 13.5
733.05005 54.000004 13.575
766.80005 54.000004 14.2
734.4001 54.000004 13.6
704.7001 54.000004 13.05
734.4001 54.000004 13.6
750.60004 54.000004 13.9
714.1501 54.000004 13.225
739.80005 54.000004 13.7
733.05005 54.000004 13.575
696.60004 54.000004 12.9
708.75006 54.000004 13.125
768.1501 54.000004 14.225
758.7001 54.000004 14.05
739.80005 54.000004 13.7
749.25006 54.000004 13.875
747.9001 54.000004 13.85
784.35004 54.000004 14.525
756.00006 54.000004 14.0
745.2001 54.000004 13.8
708.75006 54.000004 13.125
747.9001 54.000004 13.85
733.05005 54.000004 13.575
714.1501 54.000004 13.225
754.6501 54.000004 13.975
696.60004 54.000004 12.9
710.1 55.0 12.910909
702.0 55.0 12.763637
729.0 55.0 13.254545
712.8 55.0 12.96
723.6 55.0 13.1563635
707.4 55.0 12.861818
726.3 55.0 13.205455
727.64996 55.0 13.23
739.8 55.0 13.450909
739.8 55.0 13.450909
695.25 55.0 12.640909
739.8 55.0 13.450909
665.55 55.0 12.100909
712.8 55.0 12.96
697.94995 55.0 12.69
673.64996 55.0 12.248181
711.45 55.0 12.935454
734.39996 55.0 13.352727
727.64996 55.0 13.23
711.45 55.0 12.935454
723.6 55.0 13.1563635
700.65 55.0 12.739091
668.25 55.0 12.15
712.8 55.0 12.96
695.25 55.0 12.640909
700.65 55.0 12.739091
756.0 55.0 13.745455
749.25 55.0 13.622727
729.0 55.0 13.254545
719.55 55.0 13.082727
716.85 55.0 13.033636
719.55 55.0 13.082727
735.75 55.0 13.377273
737.1 55.0 13.401818
731.7 55.0 13.303637
726.3 55.0 13.205455
746.55 55.0 13.573636
750.60004 55.0 13.647273
711.45 55.0 12.935454
731.7 55.0 13.303637
722.25 55.0 13.131818
648.0 56.0 11.571428
684.45 56.0 12.2223215
731.7 56.0 13.0660715
691.2 56.0 12.342857
708.75 56.0 12.65625
672.3 56.0 12.005357
706.05005 56.0 12.608036
695.25 56.0 12.415178
724.95 56.0 12.945536
683.10004 56.0 12.198215
731.7 56.0 13.0660715
714.15 56.0 12.752679
652.05 56.0 11.64375
673.65 56.0 12.029465
734.39996 56.0 13.114285
703.35 56.0 12.559821
699.3 56.0 12.4875
704.69995 56.0 12.583928
718.2 56.0 12.825
699.3 56.0 12.4875
727.64996 56.0 12.99375
729.0 56.0 13.017858
718.2 56.0 12.825
685.8 56.0 12.2464285
699.3 56.0 12.4875
696.6 56.0 12.439285
729.0 56.0 13.017858
724.95 56.0 12.945536
730.35004 56.0 13.041965
753.30005 56.0 13.451786
734.39996 56.0 13.114285
723.6 56.0 12.921429
679.05 56.0 12.125893
715.5 56.0 12.776786
702.0 56.0 12.535714
699.3 56.0 12.4875
714.15 56.0 12.752679
693.9 56.0 12.391071
689.85004 56.0 12.31875
714.15 56.0 12.752679
710.1 56.0 12.680357
675.0 57.0 11.842105
703.35 57.0 12.339474
737.1 57.0 12.931579
685.8 57.0 12.031579
708.75 57.0 12.434211
673.65 57.0 11.818421
688.5 57.0 12.078947
742.5 57.0 13.026316
645.3 57.0 11.321053
692.55 57.0 12.15
692.55 57.0 12.15
683.10004 57.0 11.984211
660.15 57.0 11.581579
737.1 57.0 12.931579
730.35004 57.0 12.813158
666.89996 57.0 11.7
665.55005 57.0 11.676316
696.6 57.0 12.221052
687.15 57.0 12.0552635
679.05 57.0 11.913157
684.45 57.0 12.0078945
666.89996 57.0 11.7
677.7 57.0 11.889474
669.60004 57.0 11.747369
689.85 57.0 12.102632
670.95 57.0 11.771052
692.55 57.0 12.15
695.25 57.0 12.197369
739.8 57.0 12.978948
692.55 57.0 12.15
673.65 57.0 11.818421
710.1 57.0 12.457894
681.75 57.0 11.960526
691.2 57.0 12.126316
711.45 57.0 12.481579
657.44995 57.0 11.53421
691.2 57.0 12.126316
684.45 57.0 12.0078945
680.39996 57.0 11.936842
687.15 57.0 12.0552635
684.45 57.0 12.0078945
688.5 58.0 11.870689
672.3 58.0 11.591379
675.0 58.0 11.637931
662.85004 58.0 11.428449
621.0 58.0 10.706897
643.94995 58.0 11.102586
706.05 58.0 12.173276
695.25 58.0 11.987069
685.8 58.0 11.824138
696.6 58.0 12.0103445
712.8 58.0 12.289655
677.7 58.0 11.684483
684.45 58.0 11.800862
696.6 58.0 12.0103445
685.8 58.0 11.824138
714.15 58.0 12.312931
653.4 58.0 11.265517
649.35 58.0 11.195689
660.15 58.0 11.381897
685.8 58.0 11.824138
650.7 58.0 11.218966
687.15 58.0 11.847414
670.95 58.0 11.568104
657.45 58.0 11.335345
706.05 58.0 12.173276
669.6 58.0 11.544827
703.35 58.0 12.126724
702.0 58.0 12.103448
711.45 58.0 12.266379
673.65 58.0 11.6146555
688.5 58.0 11.870689
676.35004 58.0 11.661207
691.2 58.0 11.917241
641.25 58.0 11.056034
712.8 58.0 12.289655
706.05 58.0 12.173276
672.3 58.0 11.591379
696.6 58.0 12.0103445
657.45 58.0 11.335345
670.95 58.0 11.568104
654.75 58.0 11.288794
689.0839 58.999996 11.679389
652.603 58.999996 11.061069
644.49615 58.999996 10.923664
651.2519 58.999996 11.038168
663.4122 58.999996 11.244275
672.8702 58.999996 11.40458
695.83966 58.999996 11.793893
671.51904 58.999996 11.38168
663.4122 58.999996 11.244275
635.03815 58.999996 10.763359
641.7939 58.999996 10.877863
703.9465 58.999996 11.931297
698.54193 58.999996 11.839695
635.03815 58.999996 10.763359
662.06104 58.999996 11.2213745
630.9847 58.999996 10.694656
653.95416 58.999996 11.083969
653.95416 58.999996 11.083969
683.6794 58.999996 11.587787
676.92365 58.999996 11.473283
663.4122 58.999996 11.244275
682.3282 58.999996 11.564885
659.3587 58.999996 11.175572
640.4427 58.999996 10.854961
645.8473 58.999996 10.946565
703.9465 58.999996 11.931297
636.3893 58.999996 10.78626
670.1679 58.999996 11.358779
664.7633 58.999996 11.267176
682.3282 58.999996 11.564885
628.2824 58.999996 10.648855
645.8473 58.999996 10.946565
647.1984 58.999996 10.969465
668.8167 58.999996 11.335877
663.4122 58.999996 11.244275
690.4351 58.999996 11.702291
664.7633 58.999996 11.267176
644.49615 58.999996 10.923664
694.4885 58.999996 11.770992
683.6794 58.999996 11.587787
675.57245 58.999996 11.450381
648.00006 60.000004 10.8
656.10004 60.000004 10.935
669.60004 60.000004 11.16
664.2 60.000004 11.07
665.55005 60.000004 11.0925
662.85004 60.000004 11.0475
627.75 60.000004 10.4625
631.80005 60.000004 10.53
638.55005 60.000004 10.6425
602.10004 60.000004 10.035
677.7001 60.000004 11.295
645.30005 60.000004 10.755
612.9 60.000004 10.215
653.4001 60.000004 10.89
643.9501 60.000004 10.7325
616.9501 60.000004 10.2825
623.7001 60.000004 10.395
623.7001 60.000004 10.395
664.2 60.000004 11.07
642.60004 60.000004 10.71
635.85004 60.000004 10.5975
670.95 60.000004 11.1825
649.35004 60.000004 10.8225
666.9 60.000004 11.115
623.7001 60.000004 10.395
658.8 60.000004 10.98
638.55005 60.000004 10.6425
626.4 60.000004 10.44
630.45 60.000004 10.5075
654.75006 60.000004 10.9125
704.7 60.000004 11.745
614.25006 60.000004 10.2375
648.00006 60.000004 10.8
631.80005 60.000004 10.53
681.75006 60.000004 11.3625
642.60004 60.000004 10.71
657.4501 60.000004 10.9575
669.60004 60.000004 11.16
633.15 60.000004 10.5525
637.2 60.000004 10.62
615.60004 60.000004 10.26
631.8 61.0 10.357377
639.89996 61.0 10.490164
634.5 61.0 10.401639
598.05 61.0 9.804098
658.8 61.0 10.8
621.0 61.0 10.180327
610.2 61.0 10.003279
633.14996 61.0 10.379508
630.45 61.0 10.335246
619.64996 61.0 10.158196
638.55 61.0 10.468033
637.2 61.0 10.445902
618.3 61.0 10.1360655
634.5 61.0 10.401639
629.10004 61.0 10.313115
666.9 61.0 10.932787
616.95 61.0 10.1139345
656.1 61.0 10.755737
589.95 61.0 9.671311
650.7 61.0 10.667213
652.05 61.0 10.689344
633.14996 61.0 10.379508
589.95 61.0 9.671311
630.45 61.0 10.335246
687.15 61.0 11.264754
650.7 61.0 10.667213
623.7 61.0 10.22459
638.55 61.0 10.468033
691.19995 61.0 11.331147
623.7 61.0 10.22459
603.45 61.0 9.892623
650.7 61.0 10.667213
635.85004 61.0 10.423771
656.1 61.0 10.755737
648.0 61.0 10.622951
650.7 61.0 10.667213
626.39996 61.0 10.268852
627.75 61.0 10.290983
661.5 61.0 10.844262
657.45 61.0 10.777869
600.75 61.0 9.848361
608.85 62.0 9.820161
619.65 62.0 9.994355
569.69995 62.0 9.188709
652.05 62.0 10.516935
610.19995 62.0 9.841935
576.45 62.0 9.297581
622.35 62.0 10.037903
661.5 62.0 10.669354
627.75 62.0 10.125
627.75 62.0 10.125
643.95 62.0 10.386291
630.45 62.0 10.168549
612.89996 62.0 9.885484
594.0 62.0 9.580646
629.1 62.0 10.146774
627.75 62.0 10.125
595.35 62.0 9.602419
594.0 62.0 9.580646
606.15 62.0 9.776613
622.35 62.0 10.037903
612.89996 62.0 9.885484
629.1 62.0 10.146774
616.95 62.0 9.950807
585.89996 62.0 9.45
610.19995 62.0 9.841935
615.6 62.0 9.929032
594.0 62.0 9.580646
638.55 62.0 10.299193
608.85 62.0 9.820161
622.35 62.0 10.037903
623.69995 62.0 10.059677
625.05 62.0 10.081451
627.75 62.0 10.125
614.25 62.0 9.907258
607.5 62.0 9.798388
669.60004 62.0 10.8
622.35 62.0 10.037903
643.95 62.0 10.386291
627.75 62.0 10.125
598.05 62.0 9.6459675
638.55 62.0 10.299193
608.85 63.0 9.664286
607.5 63.0 9.642858
579.14996 63.0 9.192857
587.25 63.0 9.321428
626.39996 63.0 9.942857
591.3 63.0 9.385715
584.55 63.0 9.278571
589.95 63.0 9.364285
610.2 63.0 9.685715
614.25 63.0 9.75
615.6 63.0 9.771428
554.85004 63.0 8.807143
567.0 63.0 9.0
611.55 63.0 9.707143
591.3 63.0 9.385715
612.9 63.0 9.728572
585.9 63.0 9.3
616.95 63.0 9.792857
643.95 63.0 10.221429
630.45 63.0 10.007143
564.3 63.0 8.957143
585.9 63.0 9.3
610.2 63.0 9.685715
622.35 63.0 9.8785715
596.7 63.0 9.471429
603.45 63.0 9.578571
618.3 63.0 9.814285
623.69995 63.0 9.9
626.39996 63.0 9.942857
621.0 63.0 9.857142
616.95 63.0 9.792857
607.5 63.0 9.642858
626.39996 63.0 9.942857
612.9 63.0 9.728572
610.2 63.0 9.685715
580.5 63.0 9.214286
575.1 63.0 9.1285715
648.0 63.0 10.285714
599.4 63.0 9.514286
621.0 63.0 9.857142
619.65 63.0 9.835714
621.0 64.0 9.703125
604.8 64.0 9.45
565.65 64.0 8.838282
599.4 64.0 9.365625
587.25 64.0 9.175781
599.4 64.0 9.365625
584.55 64.0 9.133594
587.25 64.0 9.175781
594.0 64.0 9.28125
573.75 64.0 8.964844
568.35 64.0 8.880468
635.85 64.0 9.935156
616.95 64.0 9.639844
588.6 64.0 9.196875
577.8 64.0 9.028125
573.75 64.0 8.964844
606.15 64.0 9.471094
611.55 64.0 9.555469
569.7 64.0 8.901563
585.9 64.0 9.154688
533.25 64.0 8.332031
583.2 64.0 9.1125
600.75 64.0 9.386719
596.7 64.0 9.323438
627.75 64.0 9.808594
575.1 64.0 8.985937
614.25 64.0 9.597656
598.05 64.0 9.344531
591.3 64.0 9.239062
581.85 64.0 9.091406
577.8 64.0 9.028125
625.05 64.0 9.766406
580.5 64.0 9.0703125
577.8 64.0 9.028125
612.9 64.0 9.576563
572.4 64.0 8.94375
626.4 64.0 9.7875
584.55 64.0 9.133594
619.65 64.0 9.682032
595.35 64.0 9.302343
592.65 64.0 9.260157
535.94995 65.0 8.245384
571.05 65.0 8.785384
612.9 65.0 9.429231
567.0 65.0 8.723077
565.65 65.0 8.702308
575.10004 65.0 8.8476925
567.0 65.0 8.723077
604.8 65.0 9.304615
517.05 65.0 7.9546156
592.64996 65.0 9.117692
564.3 65.0 8.681539
589.95 65.0 9.076154
587.25 65.0 9.0346155
576.45 65.0 8.868462
587.25 65.0 9.0346155
580.5 65.0 8.930769
560.25 65.0 8.619231
564.3 65.0 8.681539
558.89996 65.0 8.598461
569.69995 65.0 8.764615
575.10004 65.0 8.8476925
577.8 65.0 8.889231
571.05 65.0 8.785384
567.0 65.0 8.723077
552.15 65.0 8.494616
573.75 65.0 8.826923
568.35 65.0 8.743846
560.25 65.0 8.619231
564.3 65.0 8.681539
607.5 65.0 9.346154
608.85004 65.0 9.366923
560.25 65.0 8.619231
548.1 65.0 8.432307
562.95 65.0 8.660769
569.69995 65.0 8.764615
646.65 65.0 9.948462
576.45 65.0 8.868462
584.55005 65.0 8.993077
561.60004 65.0 8.64
565.65 65.0 8.702308
535.94995 65.0 8.245384
550.8 66.0 8.345454
545.4 66.0 8.263637
568.35 66.0 8.611363
561.60004 66.0 8.509091
580.5 66.0 8.795455
568.35 66.0 8.611363
561.60004 66.0 8.509091
549.45 66.0 8.325
567.0 66.0 8.590909
571.05005 66.0 8.652273
554.85004 66.0 8.406818
540.0 66.0 8.181818
573.75 66.0 8.693182
580.5 66.0 8.795455
588.6 66.0 8.918181
572.4 66.0 8.672728
565.65 66.0 8.570455
546.75 66.0 8.284091
545.4 66.0 8.263637
550.8 66.0 8.345454
577.8 66.0 8.754545
517.05 66.0 7.8340907
573.75 66.0 8.693182
541.35 66.0 8.202272
602.10004 66.0 9.122727
558.89996 66.0 8.468182
577.8 66.0 8.754545
572.4 66.0 8.672728
567.0 66.0 8.590909
541.35 66.0 8.202272
581.85004 66.0 8.815909
544.05005 66.0 8.243182
575.1 66.0 8.713636
579.14996 66.0 8.775
552.14996 66.0 8.365909
552.14996 66.0 8.365909
568.35 66.0 8.611363
561.60004 66.0 8.509091
529.2 66.0 8.018182
599.4 66.0 9.081819
571.05005 66.0 8.652273
552.15 67.0 8.241045
533.25 67.0 7.9589553
561.6 67.0 8.38209
500.85 67.0 7.4753733
523.8 67.0 7.8179107
511.65 67.0 7.636567
564.3 67.0 8.422388
538.65 67.0 8.039553
568.35 67.0 8.482836
545.4 67.0 8.140299
561.6 67.0 8.38209
549.45 67.0 8.200747
537.30005 67.0 8.019403
549.45 67.0 8.200747
521.1 67.0 7.7776117
515.7 67.0 7.697015
545.4 67.0 8.140299
554.85004 67.0 8.281343
573.75 67.0 8.563433
579.14996 67.0 8.64403
525.15 67.0 7.83806
554.85004 67.0 8.281343
567.0 67.0 8.462687
571.05 67.0 8.523134
565.65 67.0 8.442537
561.6 67.0 8.38209
535.95 67.0 7.9992537
546.75 67.0 8.160448
569.7 67.0 8.502985
560.25 67.0 8.36194
553.5 67.0 8.261194
504.9 67.0 7.535821
567.0 67.0 8.462687
552.15 67.0 8.241045
579.14996 67.0 8.64403
527.85004 67.0 7.8783584
550.8 67.0 8.220896
527.85004 67.0 7.8783584
569.7 67.0 8.502985
529.2 67.0 7.8985076
534.6 67.0 7.9791045
529.2 68.0 7.782353
522.45 68.0 7.6830883
519.75 68.0 7.6433825
507.6 68.0 7.464706
529.2 68.0 7.782353
511.65 68.0 7.524265
507.6 68.0 7.464706
517.05 68.0 7.6036763
531.89996 68.0 7.8220587
500.85 68.0 7.3654413
514.35 68.0 7.5639706
517.05 68.0 7.6036763
515.7 68.0 7.5838237
548.1 68.0 8.060294
544.05 68.0 8.000735
540.0 68.0 7.9411764
523.8 68.0 7.702941
517.05 68.0 7.6036763
529.2 68.0 7.782353
557.55 68.0 8.199265
494.1 68.0 7.2661767
546.75 68.0 8.0404415
540.0 68.0 7.9411764
542.7 68.0 7.980882
554.85004 68.0 8.159559
546.75 68.0 8.0404415
503.55 68.0 7.405147
530.55 68.0 7.802206
527.85 68.0 7.7625
531.89996 68.0 7.8220587
537.3 68.0 7.9014707
514.35 68.0 7.5639706
529.2 68.0 7.782353
553.5 68.0 8.139706
540.0 68.0 7.9411764
503.55 68.0 7.405147
548.1 68.0 8.060294
556.2 68.0 8.179412
518.4 68.0 7.6235294
511.65 68.0 7.524265
541.35004 68.0 7.9610295
523.8 69.0 7.5913043
487.35 69.0 7.0630436
503.55002 69.0 7.2978263
495.44998 69.0 7.1804347
504.9 69.0 7.3173914
549.45 69.0 7.9630437
494.1 69.0 7.1608696
500.85 69.0 7.2586956
492.75 69.0 7.1413045
510.30002 69.0 7.3956523
519.75 69.0 7.5326085
476.55002 69.0 6.906522
514.35 69.0 7.4543476
490.05 69.0 7.102174
513.0 69.0 7.4347825
534.6 69.0 7.747826
515.7 69.0 7.473913
480.6 69.0 6.9652176
511.65 69.0 7.4152174
507.59998 69.0 7.3565216
506.25 69.0 7.3369565
525.14996 69.0 7.6108694
530.55 69.0 7.6891303
521.10004 69.0 7.552174
567.0 69.0 8.217391
531.9 69.0 7.708696
511.65 69.0 7.4152174
525.14996 69.0 7.6108694
537.3 69.0 7.7869563
513.0 69.0 7.4347825
554.85004 69.0 8.041305
507.59998 69.0 7.3565216
527.85004 69.0 7.65
513.0 69.0 7.4347825
521.10004 69.0 7.552174
518.4 69.0 7.5130434
527.85004 69.0 7.65
527.85004 69.0 7.65
529.2 69.0 7.669565
522.45 69.0 7.571739
495.44998 69.0 7.1804347
488.7 70.0 6.9814286
521.10004 70.0 7.444286
495.44998 70.0 7.077857
491.4 70.0 7.02
453.6 70.0 6.48
510.3 70.0 7.29
494.1 70.0 7.0585713
496.8 70.0 7.0971427
479.25 70.0 6.8464284
499.49997 70.0 7.135714
496.8 70.0 7.0971427
502.2 70.0 7.174286
506.25 70.0 7.232143
508.95 70.0 7.2707143
511.65 70.0 7.3092856
477.9 70.0 6.8271427
496.8 70.0 7.0971427
515.7 70.0 7.3671427
498.15 70.0 7.1164284
477.9 70.0 6.8271427
495.44998 70.0 7.077857
527.85 70.0 7.5407143
519.75 70.0 7.425
517.05 70.0 7.3864284
517.05 70.0 7.3864284
495.44998 70.0 7.077857
484.65002 70.0 6.9235716
498.15 70.0 7.1164284
513.0 70.0 7.3285713
498.15 70.0 7.1164284
534.6 70.0 7.6371427
492.75 70.0 7.0392857
486.0 70.0 6.9428573
502.2 70.0 7.174286
514.35 70.0 7.347857
511.65 70.0 7.3092856
486.0 70.0 6.9428573
510.3 70.0 7.29
525.15 70.0 7.502143
495.44998 70.0 7.077857
514.35 70.0 7.347857
507.6 71.0 7.149296
476.55 71.0 6.7119718
495.44998 71.0 6.978169
491.4 71.0 6.921127
500.85 71.0 7.0542254
496.80002 71.0 6.9971833
449.55002 71.0 6.3316903
468.45 71.0 6.5978875
471.15 71.0 6.6359153
496.80002 71.0 6.9971833
504.9 71.0 7.1112676
481.95 71.0 6.7880282
500.85 71.0 7.0542254
510.30002 71.0 7.187324
480.59998 71.0 6.769014
471.15 71.0 6.6359153
484.65002 71.0 6.8260565
468.45 71.0 6.5978875
499.5 71.0 7.035211
480.59998 71.0 6.769014
498.15 71.0 7.016197
464.4 71.0 6.540845
500.85 71.0 7.0542254
475.2 71.0 6.692958
472.5 71.0 6.6549296
486.0 71.0 6.8450704
475.2 71.0 6.692958
495.44998 71.0 6.978169
475.2 71.0 6.692958
492.75 71.0 6.9401407
488.7 71.0 6.8830986
494.1 71.0 6.959155
491.4 71.0 6.921127
504.9 71.0 7.1112676
507.6 71.0 7.149296
486.0 71.0 6.8450704
514.35 71.0 7.244366
490.05 71.0 6.9021125
481.95 71.0 6.7880282
480.59998 71.0 6.769014
463.05002 71.0 6.521831
463.05002 72.0 6.43125
446.85 72.0 6.20625
442.80002 72.0 6.15
440.1 72.0 6.1125
500.85 72.0 6.95625
471.15 72.0 6.54375
453.6 72.0 6.3
479.25 72.0 6.65625
441.44998 72.0 6.13125
453.6 72.0 6.3
496.80002 72.0 6.9
448.19998 72.0 6.225
491.4 72.0 6.825
487.35 72.0 6.76875
467.1 72.0 6.4875
441.44998 72.0 6.13125
471.15 72.0 6.54375
467.1 72.0 6.4875
459.0 72.0 6.375
430.65 72.0 5.98125
480.6 72.0 6.675
460.35 72.0 6.39375
468.44998 72.0 6.50625
475.19998 72.0 6.6
476.55002 72.0 6.61875
467.1 72.0 6.4875
456.30002 72.0 6.3375
453.6 72.0 6.3
494.1 72.0 6.8625
469.80002 72.0 6.525
467.1 72.0 6.4875
464.4 72.0 6.45
476.55002 72.0 6.61875
480.6 72.0 6.675
444.15 72.0 6.16875
442.80002 72.0 6.15
437.4 72.0 6.075
453.6 72.0 6.3
483.30002 72.0 6.7125
472.5 72.0 6.5625
476.55002 72.0 6.61875
444.15 73.0 6.0842466
419.85 73.0 5.75137
467.1 73.0 6.39863
469.80002 73.0 6.4356165
449.55002 73.0 6.1582193
427.94998 73.0 5.8623285
463.05 73.0 6.3431506
453.6 73.0 6.213699
432.0 73.0 5.917808
471.15 73.0 6.4541097
453.6 73.0 6.213699
480.59998 73.0 6.5835614
463.05 73.0 6.3431506
463.05 73.0 6.3431506
437.4 73.0 5.9917808
456.3 73.0 6.2506847
460.35 73.0 6.3061643
430.65 73.0 5.899315
456.3 73.0 6.2506847
437.4 73.0 5.9917808
472.5 73.0 6.472603
449.55002 73.0 6.1582193
459.0 73.0 6.287671
483.3 73.0 6.620548
441.45 73.0 6.0472603
448.2 73.0 6.139726
468.45 73.0 6.4171233
448.2 73.0 6.139726
479.25003 73.0 6.5650687
472.5 73.0 6.472603
457.65 73.0 6.269178
465.75 73.0 6.380137
454.94998 73.0 6.2321916
456.3 73.0 6.2506847
460.35 73.0 6.3061643
449.55002 73.0 6.1582193
483.3 73.0 6.620548
450.90002 73.0 6.1767125
456.3 73.0 6.2506847
468.45 73.0 6.4171233
449.55002 73.0 6.1582193
468.44998 74.0 6.330405
472.5 74.0 6.385135
406.35 74.0 5.491216
421.19998 74.0 5.6918917
423.9 74.0 5.7283783
426.6 74.0 5.764865
425.25 74.0 5.7466216
430.65 74.0 5.8195944
399.6 74.0 5.4
430.65 74.0 5.8195944
440.09998 74.0 5.947297
432.0 74.0 5.8378377
448.2 74.0 6.056757
461.7 74.0 6.239189
406.35 74.0 5.491216
446.85 74.0 6.0385137
457.65002 74.0 6.1844597
434.7 74.0 5.8743243
442.8 74.0 5.9837837
410.40002 74.0 5.545946
411.74997 74.0 5.564189
410.40002 74.0 5.545946
446.85 74.0 6.0385137
450.9 74.0 6.093243
445.5 74.0 6.0202703
449.55 74.0 6.075
425.25 74.0 5.7466216
432.0 74.0 5.8378377
429.30002 74.0 5.8013515
452.25 74.0 6.1114864
430.65 74.0 5.8195944
465.75 74.0 6.293919
430.65 74.0 5.8195944
414.44998 74.0 5.6006756
442.8 74.0 5.9837837
449.55 74.0 6.075
434.7 74.0 5.8743243
472.5 74.0 6.385135
427.95 74.0 5.783108
437.40002 74.0 5.910811
430.65 74.0 5.8195944
442.8 75.0 5.904
438.75 75.0 5.85
413.1 75.0 5.508
394.2 75.0 5.256
429.3 75.0 5.724
419.85 75.0 5.598
433.34998 75.0 5.778
427.94998 75.0 5.706
413.1 75.0 5.508
436.05002 75.0 5.814
410.40002 75.0 5.472
440.1 75.0 5.868
406.35 75.0 5.418
436.05002 75.0 5.814
407.69998 75.0 5.436
414.45 75.0 5.526
434.7 75.0 5.796
441.45 75.0 5.886
436.05002 75.0 5.814
437.4 75.0 5.832
436.05002 75.0 5.814
400.95 75.0 5.346
429.3 75.0 5.724
449.55 75.0 5.994
400.95 75.0 5.346
441.45 75.0 5.886
433.34998 75.0 5.778
442.8 75.0 5.904
418.5 75.0 5.58
448.19998 75.0 5.976
406.35 75.0 5.418
418.5 75.0 5.58
429.3 75.0 5.724
445.5 75.0 5.94
454.95 75.0 6.066
438.75 75.0 5.85
442.8 75.0 5.904
413.1 75.0 5.508
407.69998 75.0 5.436
414.45 75.0 5.526
457.65002 75.0 6.102
390.15 76.0 5.1335526
394.19998 76.0 5.186842
421.19998 76.0 5.542105
398.25 76.0 5.2401314
402.30002 76.0 5.2934213
380.7 76.0 5.0092106
392.84998 76.0 5.169079
379.35 76.0 4.9914474
423.9 76.0 5.5776315
406.35 76.0 5.3467107
436.05002 76.0 5.7375
410.4 76.0 5.4
409.05002 76.0 5.382237
394.19998 76.0 5.186842
405.0 76.0 5.3289475
433.35 76.0 5.701974
395.55 76.0 5.204605
421.19998 76.0 5.542105
403.65002 76.0 5.3111844
411.75 76.0 5.417763
429.3 76.0 5.648684
405.0 76.0 5.3289475
409.05002 76.0 5.382237
414.45 76.0 5.4532895
406.35 76.0 5.3467107
387.45 76.0 5.0980263
417.15 76.0 5.488816
384.75 76.0 5.0625
396.9 76.0 5.2223682
410.4 76.0 5.4
422.55 76.0 5.5598683
384.75 76.0 5.0625
405.0 76.0 5.3289475
431.99997 76.0 5.6842103
402.30002 76.0 5.2934213
400.95 76.0 5.275658
402.30002 76.0 5.2934213
421.19998 76.0 5.542105
422.55 76.0 5.5598683
410.4 76.0 5.4
414.45 76.0 5.4532895
372.6 77.0 4.838961
386.09998 77.0 5.0142856
384.75 77.0 4.996753
399.6 77.0 5.1896105
387.45 77.0 5.0318184
386.09998 77.0 5.0142856
396.9 77.0 5.1545453
409.05002 77.0 5.312338
371.25003 77.0 4.821429
387.45 77.0 5.0318184
391.5 77.0 5.0844154
394.2 77.0 5.1194806
387.45 77.0 5.0318184
390.15 77.0 5.066883
410.4 77.0 5.32987
352.35 77.0 4.575974
392.85 77.0 5.1019483
396.9 77.0 5.1545453
392.85 77.0 5.1019483
387.45 77.0 5.0318184
418.5 77.0 5.435065
395.55 77.0 5.137013
409.05002 77.0 5.312338
382.05002 77.0 4.9616885
392.85 77.0 5.1019483
396.9 77.0 5.1545453
413.09998 77.0 5.364935
398.25003 77.0 5.172078
383.4 77.0 4.979221
384.75 77.0 4.996753
368.55 77.0 4.7863636
391.5 77.0 5.0844154
395.55 77.0 5.137013
383.4 77.0 4.979221
387.45 77.0 5.0318184
396.9 77.0 5.1545453
411.75 77.0 5.3474026
411.75 77.0 5.3474026
419.85 77.0 5.4525976
384.75 77.0 4.996753
390.15 77.0 5.066883
372.83902 78.0 4.7799873
370.13727 78.0 4.7453494
374.18988 78.0 4.797306
374.18988 78.0 4.797306
394.45285 78.0 5.057088
351.22513 78.0 4.5028863
368.7864 78.0 4.7280307
375.54074 78.0 4.814625
378.24246 78.0 4.849262
366.0847 78.0 4.693393
347.17255 78.0 4.45093
390.40027 78.0 5.0051317
352.57602 78.0 4.5202055
384.9968 78.0 4.9358563
398.50543 78.0 5.109044
360.68118 78.0 4.624118
366.0847 78.0 4.693393
389.04938 78.0 4.9878125
368.7864 78.0 4.7280307
368.7864 78.0 4.7280307
387.69852 78.0 4.970494
382.29507 78.0 4.901219
380.9442 78.0 4.8839
382.29507 78.0 4.901219
372.83902 78.0 4.7799873
384.9968 78.0 4.9358563
378.24246 78.0 4.849262
397.15457 78.0 5.0917253
364.73383 78.0 4.6760745
353.92688 78.0 4.537524
364.73383 78.0 4.6760745
368.7864 78.0 4.7280307
384.9968 78.0 4.9358563
383.64594 78.0 4.9185376
378.24246 78.0 4.849262
366.0847 78.0 4.693393
378.24246 78.0 4.849262
393.102 78.0 5.039769
399.85632 78.0 5.1263633
372.83902 78.0 4.7799873
395.8037 78.0 5.0744066
367.2 79.0 4.6481013
375.3 79.0 4.750633
371.25 79.0 4.699367
353.7 79.0 4.4772153
357.75 79.0 4.528481
359.09998 79.0 4.5455694
394.2 79.0 4.9898734
369.90002 79.0 4.6822786
334.8 79.0 4.2379746
379.35 79.0 4.801899
369.90002 79.0 4.6822786
348.3 79.0 4.4088607
356.40002 79.0 4.5113926
359.09998 79.0 4.5455694
345.59998 79.0 4.3746834
336.15 79.0 4.255063
329.4 79.0 4.16962
369.90002 79.0 4.6822786
373.95 79.0 4.7335443
383.40002 79.0 4.8531647
352.34998 79.0 4.4601264
398.25 79.0 5.041139
344.25 79.0 4.357595
337.5 79.0 4.272152
372.59998 79.0 4.7164555
345.59998 79.0 4.3746834
378.0 79.0 4.78481
363.15002 79.0 4.5968356
363.15002 79.0 4.5968356
373.95 79.0 4.7335443
349.65002 79.0 4.4259496
355.05 79.0 4.4943037
349.65002 79.0 4.4259496
361.8 79.0 4.5797467
379.35 79.0 4.801899
345.59998 79.0 4.3746834
353.7 79.0 4.4772153
325.35 79.0 4.1183543
372.59998 79.0 4.7164555
387.45 79.0 4.9044304
355.05 79.0 4.4943037
353.69998 80.0 4.42125
334.8 80.0 4.185
349.65 80.0 4.370625
332.09998 80.0 4.15125
352.35 80.0 4.404375
348.30002 80.0 4.35375
325.35 80.0 4.066875
355.05002 80.0 4.438125
369.90002 80.0 4.62375
337.5 80.0 4.21875
319.95 80.0 3.999375
351.0 80.0 4.3875
363.15 80.0 4.539375
340.2 80.0 4.2525
353.69998 80.0 4.42125
318.6 80.0 3.9825
334.8 80.0 4.185
378.0 80.0 4.725
333.45 80.0 4.168125
338.84998 80.0 4.235625
309.15002 80.0 3.864375
353.69998 80.0 4.42125
337.5 80.0 4.21875
334.8 80.0 4.185
352.35 80.0 4.404375
365.84998 80.0 4.573125
349.65 80.0 4.370625
334.8 80.0 4.185
353.69998 80.0 4.42125
352.35 80.0 4.404375
340.2 80.0 4.2525
348.30002 80.0 4.35375
348.30002 80.0 4.35375
342.90002 80.0 4.28625
353.69998 80.0 4.42125
351.0 80.0 4.3875
345.6 80.0 4.32
359.1 80.0 4.48875
342.90002 80.0 4.28625
353.69998 80.0 4.42125
338.84998 80.0 4.235625
345.6 81.0 4.266667
321.3 81.0 3.9666667
286.2 81.0 3.5333333
314.55002 81.0 3.8833334
321.3 81.0 3.9666667
334.8 81.0 4.133333
338.85 81.0 4.1833334
319.95 81.0 3.95
334.8 81.0 4.133333
337.5 81.0 4.1666665
329.4 81.0 4.0666666
322.65 81.0 3.9833333
332.1 81.0 4.1
295.65 81.0 3.65
346.95 81.0 4.2833333
317.25 81.0 3.9166667
322.65 81.0 3.9833333
314.55002 81.0 3.8833334
330.75 81.0 4.0833335
333.45 81.0 4.116667
330.75 81.0 4.0833335
351.0 81.0 4.3333335
315.9 81.0 3.9
318.6 81.0 3.9333334
317.25 81.0 3.9166667
349.65 81.0 4.3166666
344.25 81.0 4.25
321.3 81.0 3.9666667
324.0 81.0 4.0
314.55002 81.0 3.8833334
349.65 81.0 4.3166666
318.6 81.0 3.9333334
329.4 81.0 4.0666666
309.15 81.0 3.8166666
301.05 81.0 3.7166667
324.0 81.0 4.0
324.0 81.0 4.0
318.6 81.0 3.9333334
338.85 81.0 4.1833334
332.1 81.0 4.1
338.85 81.0 4.1833334
298.35 82.0 3.6384146
328.05002 82.0 4.00061
307.8 82.0 3.7536585
302.4 82.0 3.687805
314.55 82.0 3.8359756
317.25 82.0 3.8689024
292.95 82.0 3.572561
311.85 82.0 3.8030488
306.44998 82.0 3.737195
301.05 82.0 3.6713414
318.6 82.0 3.885366
310.5 82.0 3.7865853
310.5 82.0 3.7865853
309.15 82.0 3.770122
311.85 82.0 3.8030488
321.30002 82.0 3.9182928
306.44998 82.0 3.737195
310.5 82.0 3.7865853
302.4 82.0 3.687805
303.75 82.0 3.7042682
318.6 82.0 3.885366
307.8 82.0 3.7536585
305.1 82.0 3.7207317
326.7 82.0 3.9841464
315.9 82.0 3.852439
338.85 82.0 4.132317
318.6 82.0 3.885366
306.44998 82.0 3.737195
288.9 82.0 3.5231707
306.44998 82.0 3.737195
332.1 82.0 4.05
307.8 82.0 3.7536585
294.3 82.0 3.5890243
307.8 82.0 3.7536585
341.55002 82.0 4.165244
287.55002 82.0 3.5067074
324.0 82.0 3.9512196
330.75 82.0 4.0335364
310.5 82.0 3.7865853
311.85 82.0 3.8030488
326.7 82.0 3.9841464
307.8 83.0 3.7084336
301.05 83.0 3.6271083
283.5 83.0 3.4156628
283.5 83.0 3.4156628
302.4 83.0 3.6433735
288.9 83.0 3.480723
291.6 83.0 3.513253
282.15 83.0 3.3993976
317.25 83.0 3.8222892
283.5 83.0 3.4156628
307.8 83.0 3.7084336
321.30002 83.0 3.8710845
272.7 83.0 3.2855422
315.9 83.0 3.806024
283.5 83.0 3.4156628
290.25 83.0 3.496988
305.1 83.0 3.6759036
325.35 83.0 3.9198794
313.2 83.0 3.773494
298.35 83.0 3.5945783
307.8 83.0 3.7084336
295.65 83.0 3.5620482
294.3 83.0 3.545783
318.6 83.0 3.8385541
260.55 83.0 3.1391566
298.35 83.0 3.5945783
311.85 83.0 3.7572289
280.8 83.0 3.3831325
305.1 83.0 3.6759036
297.0 83.0 3.5783134
291.6 83.0 3.513253
295.65 83.0 3.5620482
279.45 83.0 3.3668675
307.8 83.0 3.7084336
278.1 83.0 3.3506024
305.1 83.0 3.6759036
309.15 83.0 3.7246988
283.5 83.0 3.4156628
298.35 83.0 3.5945783
309.15 83.0 3.7246988
291.6 83.0 3.513253
292.94998 84.0 3.4875
276.75 84.0 3.294643
294.30002 84.0 3.5035715
283.5 84.0 3.375
265.95 84.0 3.1660714
247.05 84.0 2.9410715
268.65 84.0 3.1982143
264.6 84.0 3.15
274.05002 84.0 3.2625
260.55 84.0 3.1017857
280.8 84.0 3.3428571
274.05002 84.0 3.2625
284.84998 84.0 3.3910713
263.25 84.0 3.1339285
280.8 84.0 3.3428571
282.15002 84.0 3.3589287
263.25 84.0 3.1339285
270.0 84.0 3.2142856
276.75 84.0 3.294643
287.55 84.0 3.4232142
291.6 84.0 3.4714286
265.95 84.0 3.1660714
287.55 84.0 3.4232142
283.5 84.0 3.375
259.2 84.0 3.0857143
278.1 84.0 3.3107142
276.75 84.0 3.294643
260.55 84.0 3.1017857
259.2 84.0 3.0857143
278.1 84.0 3.3107142
271.35 84.0 3.2303572
279.45 84.0 3.3267858
271.35 84.0 3.2303572
278.1 84.0 3.3107142
274.05002 84.0 3.2625
255.15 84.0 3.0375
291.6 84.0 3.4714286
276.75 84.0 3.294643
279.45 84.0 3.3267858
278.1 84.0 3.3107142
284.84998 84.0 3.3910713
268.65 85.0 3.1605883
257.85 85.0 3.0335295
241.65001 85.0 2.8429413
263.25 85.0 3.0970588
263.25 85.0 3.0970588
260.55 85.0 3.065294
275.4 85.0 3.24
260.55 85.0 3.065294
251.09999 85.0 2.9541175
263.25 85.0 3.0970588
247.05 85.0 2.9064705
265.95 85.0 3.1288235
261.9 85.0 3.0811765
226.8 85.0 2.6682353
280.80002 85.0 3.3035295
265.95 85.0 3.1288235
253.79999 85.0 2.9858823
275.4 85.0 3.24
245.7 85.0 2.8905883
247.05 85.0 2.9064705
275.4 85.0 3.24
251.09999 85.0 2.9541175
243.0 85.0 2.8588235
278.1 85.0 3.2717648
261.9 85.0 3.0811765
256.5 85.0 3.017647
271.35 85.0 3.192353
267.3 85.0 3.1447058
252.45 85.0 2.97
271.35 85.0 3.192353
253.79999 85.0 2.9858823
263.25 85.0 3.0970588
276.75 85.0 3.2558823
264.6 85.0 3.1129413
267.3 85.0 3.1447058
265.95 85.0 3.1288235
241.65001 85.0 2.8429413
270.0 85.0 3.1764705
247.05 85.0 2.9064705
268.65 85.0 3.1605883
256.5 85.0 3.017647
247.05 86.0 2.8726745
243.0 86.0 2.8255813
234.9 86.0 2.7313952
237.6 86.0 2.7627907
228.15 86.0 2.652907
243.0 86.0 2.8255813
222.75 86.0 2.5901163
236.25 86.0 2.747093
244.34999 86.0 2.841279
252.45 86.0 2.935465
248.40001 86.0 2.8883722
253.8 86.0 2.9511628
252.45 86.0 2.935465
260.55 86.0 3.0296512
241.65001 86.0 2.8098838
259.19998 86.0 3.0139534
249.74998 86.0 2.9040697
224.1 86.0 2.605814
251.09999 86.0 2.9197674
248.40001 86.0 2.8883722
267.3 86.0 3.1081395
236.25 86.0 2.747093
216.0 86.0 2.511628
252.45 86.0 2.935465
265.94998 86.0 3.0924418
237.6 86.0 2.7627907
263.25 86.0 3.0610466
253.8 86.0 2.9511628
248.40001 86.0 2.8883722
238.95 86.0 2.7784884
249.74998 86.0 2.9040697
251.09999 86.0 2.9197674
252.45 86.0 2.935465
237.6 86.0 2.7627907
263.25 86.0 3.0610466
228.15 86.0 2.652907
257.85 86.0 2.9982557
225.45001 86.0 2.6215117
236.25 86.0 2.747093
241.65001 86.0 2.8098838
248.40001 86.0 2.8883722
232.20001 87.0 2.6689656
229.5 87.0 2.637931
213.29999 87.0 2.451724
241.65 87.0 2.7775862
230.85 87.0 2.6534483
221.40001 87.0 2.5448277
247.05 87.0 2.8396552
233.55 87.0 2.6844828
233.55 87.0 2.6844828
244.35 87.0 2.8086207
240.3 87.0 2.762069
211.95 87.0 2.4362068
232.20001 87.0 2.6689656
222.75002 87.0 2.560345
202.5 87.0 2.3275862
247.05 87.0 2.8396552
206.54999 87.0 2.3741379
221.40001 87.0 2.5448277
238.95 87.0 2.7465518
240.3 87.0 2.762069
221.40001 87.0 2.5448277
243.0 87.0 2.7931035
244.35 87.0 2.8086207
214.65 87.0 2.4672413
225.45001 87.0 2.5913794
232.20001 87.0 2.6689656
226.8 87.0 2.6068966
224.1 87.0 2.5758622
255.15 87.0 2.9327586
225.45001 87.0 2.5913794
229.5 87.0 2.637931
209.25 87.0 2.4051723
228.15001 87.0 2.6224139
243.0 87.0 2.7931035
237.6 87.0 2.7310345
224.1 87.0 2.5758622
249.75 87.0 2.8706896
214.65 87.0 2.4672413
215.99998 87.0 2.4827585
237.6 87.0 2.7310345
240.3 87.0 2.762069
221.40001 88.0 2.5159092
194.40001 88.0 2.209091
214.65 88.0 2.4392045
198.45 88.0 2.2551136
213.3 88.0 2.4238636
197.1 88.0 2.2397728
193.04999 88.0 2.19375
205.2 88.0 2.331818
216.0 88.0 2.4545455
210.6 88.0 2.3931818
198.45 88.0 2.2551136
225.45 88.0 2.5619318
224.09999 88.0 2.5465908
209.25 88.0 2.377841
228.15001 88.0 2.5926137
211.95001 88.0 2.4085228
213.3 88.0 2.4238636
206.55 88.0 2.3471591
195.75 88.0 2.2244318
228.15001 88.0 2.5926137
206.55 88.0 2.3471591
221.40001 88.0 2.5159092
209.25 88.0 2.377841
197.1 88.0 2.2397728
218.70001 88.0 2.4852273
213.3 88.0 2.4238636
209.25 88.0 2.377841
211.95001 88.0 2.4085228
222.75 88.0 2.53125
187.65001 88.0 2.1323864
217.34999 88.0 2.4698863
206.55 88.0 2.3471591
221.40001 88.0 2.5159092
221.40001 88.0 2.5159092
217.34999 88.0 2.4698863
224.09999 88.0 2.5465908
209.25 88.0 2.377841
202.49998 88.0 2.3011363
226.79999 88.0 2.5772727
220.05 88.0 2.5005682
222.75 88.0 2.53125
210.6 89.0 2.3662922
205.20001 89.0 2.305618
194.4 89.0 2.1842697
214.65 89.0 2.4117978
199.8 89.0 2.2449439
202.5 89.0 2.275281
206.55 89.0 2.3207865
201.15 89.0 2.2601123
195.74998 89.0 2.199438
209.25 89.0 2.3511236
201.15 89.0 2.2601123
195.74998 89.0 2.199438
202.5 89.0 2.275281
210.6 89.0 2.3662922
202.5 89.0 2.275281
182.25 89.0 2.0477529
206.55 89.0 2.3207865
197.1 89.0 2.2146068
184.95001 89.0 2.07809
207.90001 89.0 2.3359551
214.65 89.0 2.4117978
189.0 89.0 2.1235955
184.95001 89.0 2.07809
197.1 89.0 2.2146068
175.5 89.0 1.9719101
213.29999 89.0 2.396629
195.74998 89.0 2.199438
189.0 89.0 2.1235955
179.55 89.0 2.0174158
201.15 89.0 2.2601123
193.05 89.0 2.1691012
203.84999 89.0 2.2904494
202.5 89.0 2.275281
205.20001 89.0 2.305618
191.7 89.0 2.1539326
189.0 89.0 2.1235955
184.95001 89.0 2.07809
202.5 89.0 2.275281
195.74998 89.0 2.199438
191.7 89.0 2.1539326
206.55 89.0 2.3207865
168.75 90.0 1.875
164.7 90.0 1.83
172.8 90.0 1.92
178.2 90.0 1.98
182.25002 90.0 2.025
180.9 90.0 2.01
178.2 90.0 1.98
180.9 90.0 2.01
174.15 90.0 1.935
163.35 90.0 1.815
186.29999 90.0 2.07
182.25002 90.0 2.025
176.85 90.0 1.965
180.9 90.0 2.01
174.15 90.0 1.935
167.4 90.0 1.86
171.45 90.0 1.905
186.29999 90.0 2.07
174.15 90.0 1.935
178.2 90.0 1.98
187.65001 90.0 2.085
163.35 90.0 1.815
168.75 90.0 1.875
174.15 90.0 1.935
179.55 90.0 1.995
182.25002 90.0 2.025
175.5 90.0 1.95
191.70001 90.0 2.13
180.9 90.0 2.01
178.2 90.0 1.98
156.6 90.0 1.74
166.05 90.0 1.845
178.2 90.0 1.98
172.8 90.0 1.92
178.2 90.0 1.98
166.05 90.0 1.845
179.55 90.0 1.995
179.55 90.0 1.995
170.1 90.0 1.89
180.9 90.0 2.01
191.70001 90.0 2.13
167.4 91.0 1.8395604
168.75 91.0 1.8543956
140.40001 91.0 1.5428572
162.0 91.0 1.7802198
148.5 91.0 1.6318681
170.09999 91.0 1.8692307
174.15 91.0 1.9137362
166.05 91.0 1.8247253
153.90001 91.0 1.6912088
149.84999 91.0 1.6467032
160.65001 91.0 1.7653847
162.0 91.0 1.7802198
160.65001 91.0 1.7653847
162.0 91.0 1.7802198
167.4 91.0 1.8395604
145.8 91.0 1.6021978
170.09999 91.0 1.8692307
153.90001 91.0 1.6912088
170.09999 91.0 1.8692307
156.59999 91.0 1.7208791
153.90001 91.0 1.6912088
162.0 91.0 1.7802198
163.34999 91.0 1.7950549
171.45001 91.0 1.884066
156.59999 91.0 1.7208791
156.59999 91.0 1.7208791
163.34999 91.0 1.7950549
157.95 91.0 1.7357143
155.25 91.0 1.706044
167.4 91.0 1.8395604
166.05 91.0 1.8247253
157.95 91.0 1.7357143
162.0 91.0 1.7802198
144.45 91.0 1.5873626
162.0 91.0 1.7802198
176.85 91.0 1.9434066
163.34999 91.0 1.7950549
157.95 91.0 1.7357143
162.0 91.0 1.7802198
151.2 91.0 1.6615385
152.55 91.0 1.6763736
147.15001 92.0 1.5994565
151.2 92.0 1.6434783
153.9 92.0 1.672826
160.65001 92.0 1.7461957
159.3 92.0 1.7315217
143.1 92.0 1.5554348
144.45 92.0 1.5701087
141.75 92.0 1.5407609
155.25 92.0 1.6875
152.55 92.0 1.6581522
135.0 92.0 1.4673913
133.65001 92.0 1.4527174
155.25 92.0 1.6875
133.65001 92.0 1.4527174
148.5 92.0 1.6141304
137.7 92.0 1.4967391
144.45 92.0 1.5701087
151.2 92.0 1.6434783
141.75 92.0 1.5407609
151.2 92.0 1.6434783
157.95 92.0 1.7168478
136.35 92.0 1.4820652
130.95 92.0 1.4233695
148.5 92.0 1.6141304
132.3 92.0 1.4380435
155.25 92.0 1.6875
145.8 92.0 1.5847826
147.15001 92.0 1.5994565
149.84999 92.0 1.6288043
141.75 92.0 1.5407609
124.200005 92.0 1.35
157.95 92.0 1.7168478
148.5 92.0 1.6141304
145.8 92.0 1.5847826
160.65001 92.0 1.7461957
132.3 92.0 1.4380435
140.4 92.0 1.5260869
141.75 92.0 1.5407609
139.05 92.0 1.5114131
157.95 92.0 1.7168478
136.35 92.0 1.4820652
125.55 93.0 1.35
129.59999 93.0 1.3935484
133.65 93.0 1.4370967
121.49999 93.0 1.3064516
132.3 93.0 1.4225806
129.59999 93.0 1.3935484
126.9 93.0 1.3645161
117.45 93.0 1.2629032
145.8 93.0 1.567742
129.59999 93.0 1.3935484
114.75 93.0 1.233871
137.7 93.0 1.4806452
124.200005 93.0 1.3354839
130.95 93.0 1.4080645
121.49999 93.0 1.3064516
120.149994 93.0 1.2919354
113.4 93.0 1.2193549
125.55 93.0 1.35
122.850006 93.0 1.3209678
121.49999 93.0 1.3064516
128.25 93.0 1.3790323
122.850006 93.0 1.3209678
144.45 93.0 1.5532258
124.200005 93.0 1.3354839
136.35 93.0 1.4661291
120.149994 93.0 1.2919354
129.59999 93.0 1.3935484
130.95 93.0 1.4080645
129.59999 93.0 1.3935484
128.25 93.0 1.3790323
124.200005 93.0 1.3354839
125.55 93.0 1.35
130.95 93.0 1.4080645
137.7 93.0 1.4806452
120.149994 93.0 1.2919354
116.1 93.0 1.2483871
141.75 93.0 1.5241935
116.1 93.0 1.2483871
140.4 93.0 1.5096774
129.59999 93.0 1.3935484
129.59999 93.0 1.3935484
103.95 94.0 1.105851
113.4 94.0 1.206383
109.35 94.0 1.1632979
108.0 94.0 1.1489362
112.049995 94.0 1.1920213
109.35 94.0 1.1632979
102.6 94.0 1.0914893
110.700005 94.0 1.1776596
98.549995 94.0 1.0484042
116.1 94.0 1.2351063
102.6 94.0 1.0914893
106.649994 94.0 1.1345744
102.6 94.0 1.0914893
98.549995 94.0 1.0484042
109.35 94.0 1.1632979
97.200005 94.0 1.0340426
105.3 94.0 1.1202128
120.149994 94.0 1.2781914
102.6 94.0 1.0914893
98.549995 94.0 1.0484042
112.049995 94.0 1.1920213
105.3 94.0 1.1202128
109.35 94.0 1.1632979
113.4 94.0 1.206383
106.649994 94.0 1.1345744
101.25 94.0 1.0771277
109.35 94.0 1.1632979
109.35 94.0 1.1632979
108.0 94.0 1.1489362
117.45 94.0 1.2494681
101.25 94.0 1.0771277
91.8 94.0 0.97659576
103.95 94.0 1.105851
102.6 94.0 1.0914893
113.4 94.0 1.206383
103.95 94.0 1.105851
106.649994 94.0 1.1345744
113.4 94.0 1.206383
108.0 94.0 1.1489362
110.700005 94.0 1.1776596
106.649994 94.0 1.1345744
91.8 95.0 0.9663158
83.7 95.0 0.8810526
89.100006 95.0 0.93789476
86.399994 95.0 0.90947366
93.15 95.0 0.9805263
95.85 95.0 1.0089474
93.15 95.0 0.9805263
89.100006 95.0 0.93789476
87.75 95.0 0.92368424
90.450005 95.0 0.9521053
95.85 95.0 1.0089474
89.100006 95.0 0.93789476
94.5 95.0 0.99473685
86.399994 95.0 0.90947366
97.200005 95.0 1.023158
99.9 95.0 1.051579
91.8 95.0 0.9663158
94.5 95.0 0.99473685
95.85 95.0 1.0089474
99.9 95.0 1.051579
98.55 95.0 1.0373684
81.0 95.0 0.85263157
86.399994 95.0 0.90947366
95.85 95.0 1.0089474
87.75 95.0 0.92368424
101.25 95.0 1.0657895
85.049995 95.0 0.89526314
98.55 95.0 1.0373684
95.85 95.0 1.0089474
83.7 95.0 0.8810526
89.100006 95.0 0.93789476
86.399994 95.0 0.90947366
99.9 95.0 1.051579
99.9 95.0 1.051579
93.15 95.0 0.9805263
82.35 95.0 0.8668421
87.75 95.0 0.92368424
91.8 95.0 0.9663158
97.200005 95.0 1.023158
87.75 95.0 0.92368424
83.7 95.0 0.8810526
67.5 96.0 0.703125
85.05 96.0 0.8859375
74.25 96.0 0.7734375
70.2 96.0 0.73125
83.7 96.0 0.871875
64.8 96.0 0.675
67.5 96.0 0.703125
68.850006 96.0 0.7171875
71.55 96.0 0.7453125
72.899994 96.0 0.759375
79.649994 96.0 0.8296875
71.55 96.0 0.7453125
63.449997 96.0 0.6609375
78.3 96.0 0.815625
72.899994 96.0 0.759375
64.8 96.0 0.675
66.149994 96.0 0.6890625
71.55 96.0 0.7453125
76.95 96.0 0.8015625
86.399994 96.0 0.9
71.55 96.0 0.7453125
76.95 96.0 0.8015625
74.25 96.0 0.7734375
66.149994 96.0 0.6890625
76.95 96.0 0.8015625
82.350006 96.0 0.8578125
75.600006 96.0 0.7875
68.850006 96.0 0.7171875
64.8 96.0 0.675
81.0 96.0 0.84375
74.25 96.0 0.7734375
75.600006 96.0 0.7875
68.850006 96.0 0.7171875
67.5 96.0 0.703125
67.5 96.0 0.703125
70.2 96.0 0.73125
75.600006 96.0 0.7875
71.55 96.0 0.7453125
82.350006 96.0 0.8578125
78.3 96.0 0.815625
59.399998 96.0 0.61875
56.7 97.0 0.5845361
51.300003 97.0 0.528866
58.05 97.0 0.5984536
53.999996 97.0 0.556701
49.949997 97.0 0.5149484
49.949997 97.0 0.5149484
44.55 97.0 0.45927835
56.7 97.0 0.5845361
48.6 97.0 0.5010309
52.649998 97.0 0.5427835
41.850002 97.0 0.4314433
56.7 97.0 0.5845361
53.999996 97.0 0.556701
64.8 97.0 0.6680412
59.4 97.0 0.61237115
55.350002 97.0 0.57061857
55.350002 97.0 0.57061857
56.7 97.0 0.5845361
62.1 97.0 0.64020616
59.4 97.0 0.61237115
60.75 97.0 0.62628865
58.05 97.0 0.5984536
55.350002 97.0 0.57061857
60.75 97.0 0.62628865
53.999996 97.0 0.556701
53.999996 97.0 0.556701
49.949997 97.0 0.5149484
48.6 97.0 0.5010309
49.949997 97.0 0.5149484
52.649998 97.0 0.5427835
62.1 97.0 0.64020616
45.9 97.0 0.47319588
53.999996 97.0 0.556701
51.300003 97.0 0.528866
53.999996 97.0 0.556701
58.05 97.0 0.5984536
58.05 97.0 0.5984536
55.350002 97.0 0.57061857
55.350002 97.0 0.57061857
51.300003 97.0 0.528866
51.300003 97.0 0.528866
40.5 98.0 0.41326532
37.8 98.0 0.3857143
29.699999 98.0 0.30306122
39.149998 98.0 0.3994898
41.85 98.0 0.42704082
36.45 98.0 0.37193877
36.45 98.0 0.37193877
37.8 98.0 0.3857143
45.899998 98.0 0.46836734
37.8 98.0 0.3857143
35.1 98.0 0.35816327
41.85 98.0 0.42704082
32.4 98.0 0.33061224
36.45 98.0 0.37193877
29.699999 98.0 0.30306122
40.5 98.0 0.41326532
32.4 98.0 0.33061224
41.85 98.0 0.42704082
37.8 98.0 0.3857143
39.149998 98.0 0.3994898
37.8 98.0 0.3857143
44.55 98.0 0.45459184
39.149998 98.0 0.3994898
43.199997 98.0 0.4408163
33.75 98.0 0.34438777
43.199997 98.0 0.4408163
31.050001 98.0 0.31683674
40.5 98.0 0.41326532
37.8 98.0 0.3857143
36.45 98.0 0.37193877
35.1 98.0 0.35816327
36.45 98.0 0.37193877
39.149998 98.0 0.3994898
37.8 98.0 0.3857143
35.1 98.0 0.35816327
40.5 98.0 0.41326532
40.5 98.0 0.41326532
37.8 98.0 0.3857143
41.85 98.0 0.42704082
37.8 98.0 0.3857143
40.5 98.0 0.41326532
16.199999 99.0 0.16363636
20.25 99.0 0.20454545
14.85 99.0 0.15
20.25 99.0 0.20454545
17.55 99.0 0.17727272
22.95 99.0 0.23181818
20.25 99.0 0.20454545
21.6 99.0 0.21818182
20.25 99.0 0.20454545
18.9 99.0 0.19090909
12.150001 99.0 0.122727275
20.25 99.0 0.20454545
20.25 99.0 0.20454545
16.199999 99.0 0.16363636
21.6 99.0 0.21818182
18.9 99.0 0.19090909
17.55 99.0 0.17727272
16.199999 99.0 0.16363636
17.55 99.0 0.17727272
18.9 99.0 0.19090909
17.55 99.0 0.17727272
13.5 99.0 0.13636364
20.25 99.0 0.20454545
22.95 99.0 0.23181818
22.95 99.0 0.23181818
18.9 99.0 0.19090909
16.199999 99.0 0.16363636
18.9 99.0 0.19090909
18.9 99.0 0.19090909
20.25 99.0 0.20454545
22.95 99.0 0.23181818
22.95 99.0 0.23181818
22.95 99.0 0.23181818
18.9 99.0 0.19090909
20.25 99.0 0.20454545
21.6 99.0 0.21818182
16.199999 99.0 0.16363636
20.25 99.0 0.20454545
22.95 99.0 0.23181818
18.9 99.0 0.19090909
16.199999 99.0 0.16363636
