675.0 5.0 135.0
675.0 5.0 135.0
675.0 5.0 135.0
675.0 5.0 135.0
675.0 5.0 135.0
675.0 5.0 135.0
675.0 5.0 135.0
675.0 5.0 135.0
675.0 5.0 135.0
675.0 5.0 135.0
675.0 5.0 135.0
675.0 5.0 135.0
675.0 5.0 135.0
675.0 5.0 135.0
675.0 5.0 135.0
675.0 5.0 135.0
675.0 5.0 135.0
675.0 5.0 135.0
675.0 5.0 135.0
675.0 5.0 135.0
675.0 5.0 135.0
675.0 5.0 135.0
675.0 5.0 135.0
675.0 5.0 135.0
675.0 5.0 135.0
675.0 5.0 135.0
675.0 5.0 135.0
675.0 5.0 135.0
675.0 5.0 135.0
675.0 5.0 135.0
675.0 5.0 135.0
675.0 5.0 135.0
675.0 5.0 135.0
675.0 5.0 135.0
675.0 5.0 135.0
675.0 5.0 135.0
675.0 5.0 135.0
675.0 5.0 135.0
675.0 5.0 135.0
675.0 5.0 135.0
675.0 5.0 135.0
810.0 6.0 135.0
810.0 6.0 135.0
810.0 6.0 135.0
810.0 6.0 135.0
810.0 6.0 135.0
810.0 6.0 135.0
810.0 6.0 135.0
810.0 6.0 135.0
810.0 6.0 135.0
810.0 6.0 135.0
810.0 6.0 135.0
810.0 6.0 135.0
810.0 6.0 135.0
810.0 6.0 135.0
810.0 6.0 135.0
810.0 6.0 135.0
810.0 6.0 135.0
810.0 6.0 135.0
810.0 6.0 135.0
810.0 6.0 135.0
810.0 6.0 135.0
810.0 6.0 135.0
810.0 6.0 135.0
810.0 6.0 135.0
810.0 6.0 135.0
810.0 6.0 135.0
810.0 6.0 135.0
810.0 6.0 135.0
810.0 6.0 135.0
810.0 6.0 135.0
810.0 6.0 135.0
810.0 6.0 135.0
810.0 6.0 135.0
810.0 6.0 135.0
810.0 6.0 135.0
810.0 6.0 135.0
810.0 6.0 135.0
810.0 6.0 135.0
810.0 6.0 135.0
810.0 6.0 135.0
810.0 6.0 135.0
945.0 7.0 135.0
945.0 7.0 135.0
945.0 7.0 135.0
945.0 7.0 135.0
945.0 7.0 135.0
945.0 7.0 135.0
945.0 7.0 135.0
945.0 7.0 135.0
945.0 7.0 135.0
945.0 7.0 135.0
945.0 7.0 135.0
945.0 7.0 135.0
945.0 7.0 135.0
945.0 7.0 135.0
945.0 7.0 135.0
945.0 7.0 135.0
945.0 7.0 135.0
945.0 7.0 135.0
945.0 7.0 135.0
945.0 7.0 135.0
945.0 7.0 135.0
945.0 7.0 135.0
945.0 7.0 135.0
945.0 7.0 135.0
945.0 7.0 135.0
945.0 7.0 135.0
945.0 7.0 135.0
945.0 7.0 135.0
945.0 7.0 135.0
945.0 7.0 135.0
945.0 7.0 135.0
945.0 7.0 135.0
945.0 7.0 135.0
945.0 7.0 135.0
945.0 7.0 135.0
945.0 7.0 135.0
945.0 7.0 135.0
945.0 7.0 135.0
945.0 7.0 135.0
945.0 7.0 135.0
945.0 7.0 135.0
1080.0 8.0 135.0
1080.0 8.0 135.0
1080.0 8.0 135.0
1080.0 8.0 135.0
1080.0 8.0 135.0
1080.0 8.0 135.0
1080.0 8.0 135.0
1080.0 8.0 135.0
1080.0 8.0 135.0
1080.0 8.0 135.0
1080.0 8.0 135.0
1080.0 8.0 135.0
1080.0 8.0 135.0
1080.0 8.0 135.0
1080.0 8.0 135.0
1080.0 8.0 135.0
1080.0 8.0 135.0
1080.0 8.0 135.0
1080.0 8.0 135.0
1080.0 8.0 135.0
1080.0 8.0 135.0
1080.0 8.0 135.0
1080.0 8.0 135.0
1080.0 8.0 135.0
1080.0 8.0 135.0
1080.0 8.0 135.0
1080.0 8.0 135.0
1080.0 8.0 135.0
1080.0 8.0 135.0
1080.0 8.0 135.0
1080.0 8.0 135.0
1080.0 8.0 135.0
1080.0 8.0 135.0
1080.0 8.0 135.0
1080.0 8.0 135.0
1080.0 8.0 135.0
1080.0 8.0 135.0
1080.0 8.0 135.0
1080.0 8.0 135.0
1080.0 8.0 135.0
1080.0 8.0 135.0
1215.0 9.0 135.0
1215.0 9.0 135.0
1215.0 9.0 135.0
1215.0 9.0 135.0
1215.0 9.0 135.0
1215.0 9.0 135.0
1215.0 9.0 135.0
1215.0 9.0 135.0
1215.0 9.0 135.0
1215.0 9.0 135.0
1215.0 9.0 135.0
1215.0 9.0 135.0
1215.0 9.0 135.0
1215.0 9.0 135.0
1215.0 9.0 135.0
1215.0 9.0 135.0
1215.0 9.0 135.0
1215.0 9.0 135.0
1215.0 9.0 135.0
1215.0 9.0 135.0
1215.0 9.0 135.0
1215.0 9.0 135.0
1215.0 9.0 135.0
1215.0 9.0 135.0
1215.0 9.0 135.0
1215.0 9.0 135.0
1215.0 9.0 135.0
1215.0 9.0 135.0
1215.0 9.0 135.0
1215.0 9.0 135.0
1215.0 9.0 135.0
1215.0 9.0 135.0
1215.0 9.0 135.0
1215.0 9.0 135.0
1215.0 9.0 135.0
1215.0 9.0 135.0
1215.0 9.0 135.0
1215.0 9.0 135.0
1215.0 9.0 135.0
1215.0 9.0 135.0
1215.0 9.0 135.0
957.95996 10.0 95.796
993.0602 10.0 99.306015
1034.1001 10.0 103.41
1009.80005 10.0 100.98
1055.6997 10.0 105.56997
1084.5897 10.0 108.45898
1118.6099 10.0 111.86099
1115.37 10.0 111.537
934.2004 10.0 93.42004
857.5199 10.0 85.75199
893.97003 10.0 89.397
945.0 10.0 94.5
939.87 10.0 93.987
890.45996 10.0 89.046
953.6399 10.0 95.36399
962.2799 10.0 96.22799
1030.3201 10.0 103.03201
1036.2601 10.0 103.626015
936.9004 10.0 93.69004
832.94995 10.0 83.295
